
 jobname = Hartree_V // full set of hyperons                 
 M= 1.5000 M_sol,   R= 13.9558 km

  radial distance  |     m(r)       |  energy density  | number density
      (meter)          (M_sol)            (MeV/fm^3)       (1/fm^3)
 ---------------------------------------------------------------------
   0.5882584E+00     0.0000000E+00     0.4154250E+03     0.4086473E+00
   0.1176517E+02     0.2172601E-08     0.4155899E+03     0.4088915E+00
   0.2353034E+02     0.1882675E-07     0.4155887E+03     0.4088905E+00
   0.3529550E+02     0.6520667E-07     0.4155868E+03     0.4088888E+00
   0.4706067E+02     0.1565559E-06     0.4155839E+03     0.4088863E+00
   0.5882584E+02     0.3081175E-06     0.4155801E+03     0.4088829E+00
   0.7059101E+02     0.5351337E-06     0.4155755E+03     0.4088789E+00
   0.8235618E+02     0.8528458E-06     0.4155700E+03     0.4088740E+00
   0.9412135E+02     0.1276494E-05     0.4155636E+03     0.4088684E+00
   0.1058865E+03     0.1821317E-05     0.4155564E+03     0.4088620E+00
   0.1176517E+03     0.2502553E-05     0.4155483E+03     0.4088549E+00
   0.1294169E+03     0.3335437E-05     0.4155393E+03     0.4088469E+00
   0.1411820E+03     0.4335202E-05     0.4155294E+03     0.4088382E+00
   0.1529472E+03     0.5517082E-05     0.4155187E+03     0.4088288E+00
   0.1647124E+03     0.6896303E-05     0.4155071E+03     0.4088185E+00
   0.1764775E+03     0.8488095E-05     0.4154946E+03     0.4088075E+00
   0.1882427E+03     0.1030768E-04     0.4154812E+03     0.4087957E+00
   0.2000079E+03     0.1237028E-04     0.4154669E+03     0.4087832E+00
   0.2117730E+03     0.1469112E-04     0.4154519E+03     0.4087698E+00
   0.2235382E+03     0.1728541E-04     0.4154359E+03     0.4087557E+00
   0.2353034E+03     0.2016835E-04     0.4154190E+03     0.4087409E+00
   0.2470685E+03     0.2335517E-04     0.4154013E+03     0.4087252E+00
   0.2588337E+03     0.2686106E-04     0.4153827E+03     0.4087088E+00
   0.2705989E+03     0.3070121E-04     0.4153632E+03     0.4086916E+00
   0.2823640E+03     0.3489084E-04     0.4153428E+03     0.4086736E+00
   0.2941292E+03     0.3944515E-04     0.4153216E+03     0.4086549E+00
   0.3058944E+03     0.4437929E-04     0.4152994E+03     0.4086354E+00
   0.3176595E+03     0.4970845E-04     0.4152765E+03     0.4086151E+00
   0.3294247E+03     0.5544782E-04     0.4152526E+03     0.4085940E+00
   0.3411899E+03     0.6161258E-04     0.4152278E+03     0.4085722E+00
   0.3529551E+03     0.6821789E-04     0.4152022E+03     0.4085496E+00
   0.3647202E+03     0.7527888E-04     0.4151757E+03     0.4085262E+00
   0.3764854E+03     0.8281077E-04     0.4151483E+03     0.4085020E+00
   0.3882505E+03     0.9082867E-04     0.4151201E+03     0.4084771E+00
   0.4000157E+03     0.9934772E-04     0.4150910E+03     0.4084513E+00
   0.4117809E+03     0.1083831E-03     0.4150610E+03     0.4084249E+00
   0.4235460E+03     0.1179498E-03     0.4150301E+03     0.4083976E+00
   0.4353112E+03     0.1280631E-03     0.4149983E+03     0.4083695E+00
   0.4470764E+03     0.1387381E-03     0.4149657E+03     0.4083407E+00
   0.4588416E+03     0.1499899E-03     0.4149322E+03     0.4083110E+00
   0.4706067E+03     0.1618334E-03     0.4148978E+03     0.4082806E+00
   0.4823719E+03     0.1742841E-03     0.4148625E+03     0.4082495E+00
   0.4941371E+03     0.1873567E-03     0.4148264E+03     0.4082175E+00
   0.5059022E+03     0.2010665E-03     0.4147893E+03     0.4081848E+00
   0.5176674E+03     0.2154285E-03     0.4147515E+03     0.4081513E+00
   0.5294326E+03     0.2304578E-03     0.4147127E+03     0.4081170E+00
   0.5411977E+03     0.2461693E-03     0.4146730E+03     0.4080819E+00
   0.5529629E+03     0.2625783E-03     0.4146325E+03     0.4080460E+00
   0.5647281E+03     0.2796997E-03     0.4145911E+03     0.4080094E+00
   0.5764933E+03     0.2975485E-03     0.4145488E+03     0.4079719E+00
   0.5882585E+03     0.3161397E-03     0.4145056E+03     0.4079337E+00
   0.6000236E+03     0.3354885E-03     0.4144616E+03     0.4078947E+00
   0.6117888E+03     0.3556097E-03     0.4144166E+03     0.4078549E+00
   0.6235539E+03     0.3765184E-03     0.4143708E+03     0.4078144E+00
   0.6353191E+03     0.3982293E-03     0.4143242E+03     0.4077730E+00
   0.6470842E+03     0.4207578E-03     0.4142766E+03     0.4077308E+00
   0.6588494E+03     0.4441187E-03     0.4142281E+03     0.4076879E+00
   0.6706146E+03     0.4683268E-03     0.4141788E+03     0.4076442E+00
   0.6823797E+03     0.4933972E-03     0.4141286E+03     0.4075997E+00
   0.6941449E+03     0.5193448E-03     0.4140775E+03     0.4075544E+00
   0.7059101E+03     0.5461845E-03     0.4140255E+03     0.4075083E+00
   0.7176753E+03     0.5739313E-03     0.4139727E+03     0.4074613E+00
   0.7294404E+03     0.6025998E-03     0.4139190E+03     0.4074137E+00
   0.7412056E+03     0.6322051E-03     0.4138643E+03     0.4073652E+00
   0.7529708E+03     0.6627621E-03     0.4138088E+03     0.4073160E+00
   0.7647359E+03     0.6942857E-03     0.4137525E+03     0.4072659E+00
   0.7765011E+03     0.7267905E-03     0.4136952E+03     0.4072150E+00
   0.7882663E+03     0.7602915E-03     0.4136371E+03     0.4071634E+00
   0.8000315E+03     0.7948035E-03     0.4135781E+03     0.4071109E+00
   0.8117967E+03     0.8303413E-03     0.4135182E+03     0.4070577E+00
   0.8235618E+03     0.8669197E-03     0.4134574E+03     0.4070036E+00
   0.8353270E+03     0.9045533E-03     0.4133957E+03     0.4069488E+00
   0.8470921E+03     0.9432572E-03     0.4133332E+03     0.4068932E+00
   0.8588573E+03     0.9830460E-03     0.4132697E+03     0.4068367E+00
   0.8706225E+03     0.1023934E-02     0.4132054E+03     0.4067795E+00
   0.8823876E+03     0.1065937E-02     0.4131402E+03     0.4067214E+00
   0.8941528E+03     0.1109069E-02     0.4130741E+03     0.4066626E+00
   0.9059180E+03     0.1153345E-02     0.4130071E+03     0.4066029E+00
   0.9176831E+03     0.1198779E-02     0.4129392E+03     0.4065425E+00
   0.9294483E+03     0.1245386E-02     0.4128705E+03     0.4064813E+00
   0.9412134E+03     0.1293181E-02     0.4128009E+03     0.4064192E+00
   0.9529786E+03     0.1342178E-02     0.4127303E+03     0.4063563E+00
   0.9647438E+03     0.1392392E-02     0.4126590E+03     0.4062926E+00
   0.9765090E+03     0.1443838E-02     0.4125867E+03     0.4062282E+00
   0.9882741E+03     0.1496530E-02     0.4125135E+03     0.4061629E+00
   0.1000039E+04     0.1550483E-02     0.4124395E+03     0.4060968E+00
   0.1011804E+04     0.1605711E-02     0.4123645E+03     0.4060299E+00
   0.1023570E+04     0.1662229E-02     0.4122887E+03     0.4059622E+00
   0.1035335E+04     0.1720051E-02     0.4122119E+03     0.4058936E+00
   0.1047100E+04     0.1779192E-02     0.4121343E+03     0.4058243E+00
   0.1058865E+04     0.1839667E-02     0.4120558E+03     0.4057541E+00
   0.1070630E+04     0.1901489E-02     0.4119765E+03     0.4056832E+00
   0.1082395E+04     0.1964674E-02     0.4118962E+03     0.4056114E+00
   0.1094161E+04     0.2029235E-02     0.4118151E+03     0.4055388E+00
   0.1105926E+04     0.2095188E-02     0.4117330E+03     0.4054654E+00
   0.1117691E+04     0.2162546E-02     0.4116501E+03     0.4053912E+00
   0.1129456E+04     0.2231324E-02     0.4115663E+03     0.4053161E+00
   0.1141221E+04     0.2301537E-02     0.4114816E+03     0.4052402E+00
   0.1152987E+04     0.2373198E-02     0.4113960E+03     0.4051635E+00
   0.1164752E+04     0.2446322E-02     0.4113095E+03     0.4050860E+00
   0.1176517E+04     0.2520923E-02     0.4112221E+03     0.4050077E+00
   0.1188282E+04     0.2597016E-02     0.4111339E+03     0.4049285E+00
   0.1200047E+04     0.2674615E-02     0.4110447E+03     0.4048485E+00
   0.1211812E+04     0.2753734E-02     0.4109547E+03     0.4047677E+00
   0.1223578E+04     0.2834387E-02     0.4108637E+03     0.4046861E+00
   0.1235343E+04     0.2916589E-02     0.4107719E+03     0.4046036E+00
   0.1247108E+04     0.3000354E-02     0.4106792E+03     0.4045203E+00
   0.1258873E+04     0.3085696E-02     0.4105856E+03     0.4044363E+00
   0.1270638E+04     0.3172627E-02     0.4104911E+03     0.4043513E+00
   0.1282403E+04     0.3261165E-02     0.4103957E+03     0.4042655E+00
   0.1294168E+04     0.3351322E-02     0.4102994E+03     0.4041789E+00
   0.1305934E+04     0.3443112E-02     0.4102022E+03     0.4040915E+00
   0.1317699E+04     0.3536549E-02     0.4101042E+03     0.4040032E+00
   0.1329464E+04     0.3631647E-02     0.4100052E+03     0.4039142E+00
   0.1341229E+04     0.3728422E-02     0.4099054E+03     0.4038242E+00
   0.1352994E+04     0.3826886E-02     0.4098047E+03     0.4037334E+00
   0.1364759E+04     0.3927053E-02     0.4097030E+03     0.4036418E+00
   0.1376525E+04     0.4028936E-02     0.4096005E+03     0.4035494E+00
   0.1388290E+04     0.4132553E-02     0.4094971E+03     0.4034561E+00
   0.1400055E+04     0.4237914E-02     0.4093928E+03     0.4033620E+00
   0.1411820E+04     0.4345034E-02     0.4092876E+03     0.4032671E+00
   0.1423585E+04     0.4453927E-02     0.4091815E+03     0.4031713E+00
   0.1435351E+04     0.4564608E-02     0.4090745E+03     0.4030746E+00
   0.1447116E+04     0.4677088E-02     0.4089666E+03     0.4029771E+00
   0.1458881E+04     0.4791382E-02     0.4088579E+03     0.4028789E+00
   0.1470646E+04     0.4907506E-02     0.4087482E+03     0.4027797E+00
   0.1482411E+04     0.5025472E-02     0.4086377E+03     0.4026797E+00
   0.1494176E+04     0.5145292E-02     0.4085262E+03     0.4025788E+00
   0.1505942E+04     0.5266981E-02     0.4084139E+03     0.4024771E+00
   0.1517707E+04     0.5390553E-02     0.4083006E+03     0.4023746E+00
   0.1529472E+04     0.5516023E-02     0.4081865E+03     0.4022712E+00
   0.1541237E+04     0.5643403E-02     0.4080715E+03     0.4021669E+00
   0.1553002E+04     0.5772708E-02     0.4079555E+03     0.4020618E+00
   0.1564767E+04     0.5903949E-02     0.4078387E+03     0.4019559E+00
   0.1576533E+04     0.6037141E-02     0.4077210E+03     0.4018491E+00
   0.1588298E+04     0.6172298E-02     0.4076024E+03     0.4017414E+00
   0.1600063E+04     0.6309432E-02     0.4074829E+03     0.4016330E+00
   0.1611828E+04     0.6448558E-02     0.4073625E+03     0.4015236E+00
   0.1623593E+04     0.6589688E-02     0.4072412E+03     0.4014134E+00
   0.1635359E+04     0.6732837E-02     0.4071191E+03     0.4013023E+00
   0.1647124E+04     0.6878018E-02     0.4069960E+03     0.4011904E+00
   0.1658889E+04     0.7025241E-02     0.4068720E+03     0.4010776E+00
   0.1670654E+04     0.7174525E-02     0.4067471E+03     0.4009640E+00
   0.1682419E+04     0.7325880E-02     0.4066214E+03     0.4008495E+00
   0.1694184E+04     0.7479320E-02     0.4064947E+03     0.4007342E+00
   0.1705949E+04     0.7634859E-02     0.4063672E+03     0.4006180E+00
   0.1717715E+04     0.7792508E-02     0.4062387E+03     0.4005009E+00
   0.1729480E+04     0.7952282E-02     0.4061094E+03     0.4003829E+00
   0.1741245E+04     0.8114194E-02     0.4059792E+03     0.4002641E+00
   0.1753010E+04     0.8278255E-02     0.4058480E+03     0.4001445E+00
   0.1764775E+04     0.8444482E-02     0.4057160E+03     0.4000240E+00
   0.1776540E+04     0.8612883E-02     0.4055831E+03     0.3999026E+00
   0.1788306E+04     0.8783476E-02     0.4054493E+03     0.3997804E+00
   0.1800071E+04     0.8956273E-02     0.4053146E+03     0.3996572E+00
   0.1811836E+04     0.9131285E-02     0.4051790E+03     0.3995333E+00
   0.1823601E+04     0.9308529E-02     0.4050425E+03     0.3994084E+00
   0.1835366E+04     0.9488013E-02     0.4049051E+03     0.3992827E+00
   0.1847131E+04     0.9669749E-02     0.4047668E+03     0.3991561E+00
   0.1858897E+04     0.9853754E-02     0.4046277E+03     0.3990287E+00
   0.1870662E+04     0.1004004E-01     0.4044876E+03     0.3989004E+00
   0.1882427E+04     0.1022862E-01     0.4043466E+03     0.3987712E+00
   0.1894192E+04     0.1041951E-01     0.4042048E+03     0.3986411E+00
   0.1905957E+04     0.1061271E-01     0.4040620E+03     0.3985102E+00
   0.1917723E+04     0.1080825E-01     0.4039184E+03     0.3983784E+00
   0.1929488E+04     0.1100612E-01     0.4037739E+03     0.3982457E+00
   0.1941253E+04     0.1120636E-01     0.4036284E+03     0.3981121E+00
   0.1953018E+04     0.1140897E-01     0.4034821E+03     0.3979777E+00
   0.1964783E+04     0.1161395E-01     0.4033349E+03     0.3978424E+00
   0.1976548E+04     0.1182134E-01     0.4031868E+03     0.3977063E+00
   0.1988313E+04     0.1203113E-01     0.4030378E+03     0.3975692E+00
   0.2000079E+04     0.1224334E-01     0.4028879E+03     0.3974313E+00
   0.2011844E+04     0.1245797E-01     0.4027371E+03     0.3972925E+00
   0.2023609E+04     0.1267506E-01     0.4025854E+03     0.3971528E+00
   0.2035374E+04     0.1289460E-01     0.4024329E+03     0.3970123E+00
   0.2047139E+04     0.1311662E-01     0.4022794E+03     0.3968709E+00
   0.2058904E+04     0.1334111E-01     0.4021251E+03     0.3967285E+00
   0.2070670E+04     0.1356810E-01     0.4019699E+03     0.3965854E+00
   0.2082435E+04     0.1379759E-01     0.4018138E+03     0.3964413E+00
   0.2094200E+04     0.1402960E-01     0.4016567E+03     0.3962964E+00
   0.2105965E+04     0.1426414E-01     0.4014988E+03     0.3961506E+00
   0.2117730E+04     0.1450123E-01     0.4013401E+03     0.3960038E+00
   0.2129496E+04     0.1474086E-01     0.4011804E+03     0.3958563E+00
   0.2141261E+04     0.1498307E-01     0.4010198E+03     0.3957078E+00
   0.2153026E+04     0.1522785E-01     0.4008583E+03     0.3955585E+00
   0.2164791E+04     0.1547522E-01     0.4006960E+03     0.3954082E+00
   0.2176556E+04     0.1572520E-01     0.4005328E+03     0.3952571E+00
   0.2188321E+04     0.1597780E-01     0.4003687E+03     0.3951052E+00
   0.2200087E+04     0.1623302E-01     0.4002037E+03     0.3949523E+00
   0.2211852E+04     0.1649087E-01     0.4000378E+03     0.3947985E+00
   0.2223617E+04     0.1675138E-01     0.3998710E+03     0.3946439E+00
   0.2235382E+04     0.1701455E-01     0.3997033E+03     0.3944884E+00
   0.2247147E+04     0.1728040E-01     0.3995348E+03     0.3943320E+00
   0.2258912E+04     0.1754893E-01     0.3993654E+03     0.3941748E+00
   0.2270678E+04     0.1782016E-01     0.3991951E+03     0.3940166E+00
   0.2282443E+04     0.1809409E-01     0.3990239E+03     0.3938575E+00
   0.2294208E+04     0.1837075E-01     0.3988518E+03     0.3936976E+00
   0.2305973E+04     0.1865013E-01     0.3986789E+03     0.3935368E+00
   0.2317738E+04     0.1893226E-01     0.3985050E+03     0.3933751E+00
   0.2329503E+04     0.1921715E-01     0.3983303E+03     0.3932126E+00
   0.2341268E+04     0.1950479E-01     0.3981547E+03     0.3930491E+00
   0.2353034E+04     0.1979523E-01     0.3979782E+03     0.3928847E+00
   0.2364799E+04     0.2008845E-01     0.3978008E+03     0.3927195E+00
   0.2376564E+04     0.2038448E-01     0.3976226E+03     0.3925534E+00
   0.2388329E+04     0.2068330E-01     0.3974435E+03     0.3923864E+00
   0.2400094E+04     0.2098496E-01     0.3972635E+03     0.3922185E+00
   0.2411859E+04     0.2128945E-01     0.3970826E+03     0.3920497E+00
   0.2423625E+04     0.2159679E-01     0.3969009E+03     0.3918801E+00
   0.2435390E+04     0.2190697E-01     0.3967183E+03     0.3917096E+00
   0.2447155E+04     0.2222003E-01     0.3965348E+03     0.3915381E+00
   0.2458920E+04     0.2253597E-01     0.3963504E+03     0.3913659E+00
   0.2470685E+04     0.2285480E-01     0.3961652E+03     0.3911927E+00
   0.2482450E+04     0.2317652E-01     0.3959791E+03     0.3910186E+00
   0.2494216E+04     0.2350117E-01     0.3957921E+03     0.3908437E+00
   0.2505981E+04     0.2382873E-01     0.3956042E+03     0.3906679E+00
   0.2517746E+04     0.2415923E-01     0.3954156E+03     0.3904912E+00
   0.2529511E+04     0.2449267E-01     0.3952259E+03     0.3903136E+00
   0.2541276E+04     0.2482906E-01     0.3950355E+03     0.3901351E+00
   0.2553042E+04     0.2516843E-01     0.3948441E+03     0.3899558E+00
   0.2564807E+04     0.2551076E-01     0.3946519E+03     0.3897755E+00
   0.2576572E+04     0.2585609E-01     0.3944589E+03     0.3895944E+00
   0.2588337E+04     0.2620441E-01     0.3942650E+03     0.3894125E+00
   0.2600102E+04     0.2655575E-01     0.3940702E+03     0.3892296E+00
   0.2611867E+04     0.2691010E-01     0.3938745E+03     0.3890458E+00
   0.2623633E+04     0.2726749E-01     0.3936780E+03     0.3888612E+00
   0.2635398E+04     0.2762791E-01     0.3934807E+03     0.3886757E+00
   0.2647163E+04     0.2799138E-01     0.3932824E+03     0.3884894E+00
   0.2658928E+04     0.2835791E-01     0.3930834E+03     0.3883021E+00
   0.2670693E+04     0.2872752E-01     0.3928834E+03     0.3881140E+00
   0.2682458E+04     0.2910020E-01     0.3926826E+03     0.3879250E+00
   0.2694224E+04     0.2947599E-01     0.3924809E+03     0.3877351E+00
   0.2705989E+04     0.2985486E-01     0.3922784E+03     0.3875444E+00
   0.2717754E+04     0.3023686E-01     0.3920750E+03     0.3873528E+00
   0.2729519E+04     0.3062197E-01     0.3918708E+03     0.3871602E+00
   0.2741284E+04     0.3101021E-01     0.3916658E+03     0.3869669E+00
   0.2753049E+04     0.3140160E-01     0.3914599E+03     0.3867727E+00
   0.2764814E+04     0.3179614E-01     0.3912531E+03     0.3865775E+00
   0.2776580E+04     0.3219384E-01     0.3910455E+03     0.3863816E+00
   0.2788345E+04     0.3259471E-01     0.3908370E+03     0.3861847E+00
   0.2800110E+04     0.3299877E-01     0.3906277E+03     0.3859870E+00
   0.2811875E+04     0.3340602E-01     0.3904175E+03     0.3857884E+00
   0.2823640E+04     0.3381648E-01     0.3902066E+03     0.3855890E+00
   0.2835406E+04     0.3423014E-01     0.3899948E+03     0.3853887E+00
   0.2847171E+04     0.3464702E-01     0.3897821E+03     0.3851875E+00
   0.2858936E+04     0.3506713E-01     0.3895686E+03     0.3849855E+00
   0.2870701E+04     0.3549049E-01     0.3893543E+03     0.3847827E+00
   0.2882466E+04     0.3591708E-01     0.3891391E+03     0.3845789E+00
   0.2894232E+04     0.3634695E-01     0.3889231E+03     0.3843743E+00
   0.2905997E+04     0.3678008E-01     0.3887063E+03     0.3841689E+00
   0.2917762E+04     0.3721648E-01     0.3884886E+03     0.3839626E+00
   0.2929527E+04     0.3765619E-01     0.3882701E+03     0.3837554E+00
   0.2941292E+04     0.3809917E-01     0.3880508E+03     0.3835473E+00
   0.2953057E+04     0.3854548E-01     0.3878306E+03     0.3833384E+00
   0.2964822E+04     0.3899509E-01     0.3876096E+03     0.3831287E+00
   0.2976588E+04     0.3944804E-01     0.3873878E+03     0.3829181E+00
   0.2988353E+04     0.3990430E-01     0.3871651E+03     0.3827066E+00
   0.3000118E+04     0.4036392E-01     0.3869417E+03     0.3824943E+00
   0.3011883E+04     0.4082689E-01     0.3867173E+03     0.3822812E+00
   0.3023648E+04     0.4129322E-01     0.3864922E+03     0.3820672E+00
   0.3035413E+04     0.4176292E-01     0.3862663E+03     0.3818524E+00
   0.3047179E+04     0.4223600E-01     0.3860396E+03     0.3816367E+00
   0.3058944E+04     0.4271246E-01     0.3858120E+03     0.3814201E+00
   0.3070709E+04     0.4319232E-01     0.3855836E+03     0.3812028E+00
   0.3082474E+04     0.4367559E-01     0.3853545E+03     0.3809846E+00
   0.3094239E+04     0.4416227E-01     0.3851245E+03     0.3807656E+00
   0.3106004E+04     0.4465237E-01     0.3848937E+03     0.3805457E+00
   0.3117769E+04     0.4514590E-01     0.3846621E+03     0.3803250E+00
   0.3129535E+04     0.4564288E-01     0.3844297E+03     0.3801035E+00
   0.3141300E+04     0.4614330E-01     0.3841966E+03     0.3798811E+00
   0.3153065E+04     0.4664718E-01     0.3839626E+03     0.3796579E+00
   0.3164830E+04     0.4715452E-01     0.3837277E+03     0.3794339E+00
   0.3176596E+04     0.4766534E-01     0.3834921E+03     0.3792090E+00
   0.3188361E+04     0.4817963E-01     0.3832557E+03     0.3789833E+00
   0.3200126E+04     0.4869742E-01     0.3830185E+03     0.3787568E+00
   0.3211891E+04     0.4921871E-01     0.3827805E+03     0.3785295E+00
   0.3223656E+04     0.4974350E-01     0.3825417E+03     0.3783014E+00
   0.3235421E+04     0.5027181E-01     0.3823022E+03     0.3780724E+00
   0.3247187E+04     0.5080365E-01     0.3820619E+03     0.3778426E+00
   0.3258952E+04     0.5133902E-01     0.3818207E+03     0.3776121E+00
   0.3270717E+04     0.5187792E-01     0.3815788E+03     0.3773806E+00
   0.3282482E+04     0.5242037E-01     0.3813361E+03     0.3771484E+00
   0.3294247E+04     0.5296639E-01     0.3810927E+03     0.3769155E+00
   0.3306012E+04     0.5351596E-01     0.3808484E+03     0.3766816E+00
   0.3317777E+04     0.5406909E-01     0.3806034E+03     0.3764471E+00
   0.3329543E+04     0.5462582E-01     0.3803576E+03     0.3762116E+00
   0.3341308E+04     0.5518612E-01     0.3801111E+03     0.3759755E+00
   0.3353073E+04     0.5575003E-01     0.3798638E+03     0.3757384E+00
   0.3364838E+04     0.5631752E-01     0.3796157E+03     0.3755006E+00
   0.3376603E+04     0.5688864E-01     0.3793669E+03     0.3752621E+00
   0.3388368E+04     0.5746337E-01     0.3791172E+03     0.3750227E+00
   0.3400134E+04     0.5804172E-01     0.3788669E+03     0.3747825E+00
   0.3411899E+04     0.5862370E-01     0.3786158E+03     0.3745416E+00
   0.3423664E+04     0.5920933E-01     0.3783639E+03     0.3742999E+00
   0.3435429E+04     0.5979859E-01     0.3781113E+03     0.3740574E+00
   0.3447194E+04     0.6039152E-01     0.3778579E+03     0.3738141E+00
   0.3458959E+04     0.6098810E-01     0.3776038E+03     0.3735701E+00
   0.3470725E+04     0.6158836E-01     0.3773489E+03     0.3733252E+00
   0.3482490E+04     0.6219228E-01     0.3770933E+03     0.3730796E+00
   0.3494255E+04     0.6279990E-01     0.3768370E+03     0.3728333E+00
   0.3506020E+04     0.6341120E-01     0.3765799E+03     0.3725861E+00
   0.3517785E+04     0.6402618E-01     0.3763220E+03     0.3723382E+00
   0.3529551E+04     0.6464489E-01     0.3760635E+03     0.3720896E+00
   0.3541316E+04     0.6526729E-01     0.3758042E+03     0.3718401E+00
   0.3553081E+04     0.6589343E-01     0.3755442E+03     0.3715900E+00
   0.3564846E+04     0.6652328E-01     0.3752834E+03     0.3713391E+00
   0.3576611E+04     0.6715687E-01     0.3750219E+03     0.3710874E+00
   0.3588376E+04     0.6779417E-01     0.3747597E+03     0.3708350E+00
   0.3600142E+04     0.6843524E-01     0.3744969E+03     0.3705818E+00
   0.3611907E+04     0.6908006E-01     0.3742332E+03     0.3703279E+00
   0.3623672E+04     0.6972864E-01     0.3739689E+03     0.3700733E+00
   0.3635437E+04     0.7038097E-01     0.3737039E+03     0.3698180E+00
   0.3647202E+04     0.7103708E-01     0.3734380E+03     0.3695619E+00
   0.3658967E+04     0.7169697E-01     0.3731716E+03     0.3693050E+00
   0.3670733E+04     0.7236065E-01     0.3729044E+03     0.3690475E+00
   0.3682498E+04     0.7302810E-01     0.3726366E+03     0.3687893E+00
   0.3694263E+04     0.7369935E-01     0.3723680E+03     0.3685303E+00
   0.3706028E+04     0.7437441E-01     0.3720987E+03     0.3682705E+00
   0.3717793E+04     0.7505327E-01     0.3718288E+03     0.3680101E+00
   0.3729558E+04     0.7573596E-01     0.3715581E+03     0.3677490E+00
   0.3741323E+04     0.7642246E-01     0.3712868E+03     0.3674871E+00
   0.3753089E+04     0.7711063E-01     0.3697213E+03     0.3653220E+00
   0.3764854E+04     0.7780237E-01     0.3694464E+03     0.3650560E+00
   0.3776619E+04     0.7849792E-01     0.3691709E+03     0.3647895E+00
   0.3788384E+04     0.7919732E-01     0.3688948E+03     0.3645223E+00
   0.3800149E+04     0.7990053E-01     0.3686181E+03     0.3642547E+00
   0.3811915E+04     0.8060757E-01     0.3683409E+03     0.3639864E+00
   0.3823680E+04     0.8131847E-01     0.3680631E+03     0.3637176E+00
   0.3835445E+04     0.8203324E-01     0.3677846E+03     0.3634483E+00
   0.3847210E+04     0.8275184E-01     0.3675057E+03     0.3631784E+00
   0.3858975E+04     0.8347429E-01     0.3672261E+03     0.3629080E+00
   0.3870740E+04     0.8420062E-01     0.3669461E+03     0.3626371E+00
   0.3882506E+04     0.8493084E-01     0.3666654E+03     0.3623656E+00
   0.3894271E+04     0.8566490E-01     0.3663842E+03     0.3620936E+00
   0.3906036E+04     0.8640285E-01     0.3661025E+03     0.3618211E+00
   0.3917801E+04     0.8714469E-01     0.3658202E+03     0.3615481E+00
   0.3929566E+04     0.8789041E-01     0.3655373E+03     0.3612745E+00
   0.3941331E+04     0.8864006E-01     0.3652539E+03     0.3610005E+00
   0.3953096E+04     0.8939360E-01     0.3649700E+03     0.3607259E+00
   0.3964862E+04     0.9015104E-01     0.3646856E+03     0.3604509E+00
   0.3976627E+04     0.9091239E-01     0.3644007E+03     0.3601754E+00
   0.3988392E+04     0.9167770E-01     0.3641152E+03     0.3598994E+00
   0.4000157E+04     0.9244690E-01     0.3638292E+03     0.3596229E+00
   0.4011922E+04     0.9322003E-01     0.3635427E+03     0.3593460E+00
   0.4023687E+04     0.9399710E-01     0.3632557E+03     0.3590686E+00
   0.4035453E+04     0.9477814E-01     0.3629682E+03     0.3587907E+00
   0.4047218E+04     0.9556309E-01     0.3626802E+03     0.3585123E+00
   0.4058983E+04     0.9635200E-01     0.3623917E+03     0.3582335E+00
   0.4070748E+04     0.9714485E-01     0.3621027E+03     0.3579543E+00
   0.4082513E+04     0.9794167E-01     0.3618133E+03     0.3576747E+00
   0.4094279E+04     0.9874249E-01     0.3615233E+03     0.3573945E+00
   0.4106044E+04     0.9954724E-01     0.3612329E+03     0.3571140E+00
   0.4117809E+04     0.1003560E+00     0.3609420E+03     0.3568331E+00
   0.4129574E+04     0.1011687E+00     0.3606507E+03     0.3565517E+00
   0.4141339E+04     0.1019854E+00     0.3603589E+03     0.3562700E+00
   0.4153105E+04     0.1028061E+00     0.3600666E+03     0.3559878E+00
   0.4164870E+04     0.1036308E+00     0.3597739E+03     0.3557052E+00
   0.4176635E+04     0.1044594E+00     0.3594807E+03     0.3554222E+00
   0.4188400E+04     0.1052921E+00     0.3591871E+03     0.3551389E+00
   0.4200165E+04     0.1061288E+00     0.3588931E+03     0.3548551E+00
   0.4211930E+04     0.1069695E+00     0.3585986E+03     0.3545710E+00
   0.4223695E+04     0.1078142E+00     0.3583036E+03     0.3542865E+00
   0.4235461E+04     0.1086630E+00     0.3580083E+03     0.3540017E+00
   0.4247226E+04     0.1095157E+00     0.3577125E+03     0.3537164E+00
   0.4258991E+04     0.1103725E+00     0.3574163E+03     0.3534309E+00
   0.4270756E+04     0.1112333E+00     0.3571198E+03     0.3531449E+00
   0.4282521E+04     0.1120982E+00     0.3568228E+03     0.3528587E+00
   0.4294286E+04     0.1129671E+00     0.3565253E+03     0.3525721E+00
   0.4306052E+04     0.1138401E+00     0.3562275E+03     0.3522852E+00
   0.4317817E+04     0.1147171E+00     0.3559294E+03     0.3519979E+00
   0.4329582E+04     0.1155981E+00     0.3556308E+03     0.3517104E+00
   0.4341347E+04     0.1164833E+00     0.3553318E+03     0.3514225E+00
   0.4353112E+04     0.1173724E+00     0.3550325E+03     0.3511343E+00
   0.4364877E+04     0.1182657E+00     0.3547328E+03     0.3508458E+00
   0.4376642E+04     0.1191630E+00     0.3544327E+03     0.3505571E+00
   0.4388408E+04     0.1200644E+00     0.3541323E+03     0.3502680E+00
   0.4400173E+04     0.1209698E+00     0.3538314E+03     0.3499787E+00
   0.4411938E+04     0.1218794E+00     0.3535303E+03     0.3496891E+00
   0.4423703E+04     0.1227930E+00     0.3532288E+03     0.3493992E+00
   0.4435469E+04     0.1237107E+00     0.3529269E+03     0.3491091E+00
   0.4447234E+04     0.1246325E+00     0.3526248E+03     0.3488187E+00
   0.4458999E+04     0.1255584E+00     0.3523222E+03     0.3485280E+00
   0.4470764E+04     0.1264884E+00     0.3520194E+03     0.3482371E+00
   0.4482529E+04     0.1274225E+00     0.3517162E+03     0.3479460E+00
   0.4494295E+04     0.1283608E+00     0.3514127E+03     0.3476546E+00
   0.4506060E+04     0.1293031E+00     0.3511089E+03     0.3473631E+00
   0.4517825E+04     0.1302495E+00     0.3508048E+03     0.3470713E+00
   0.4529590E+04     0.1312001E+00     0.3505004E+03     0.3467793E+00
   0.4541355E+04     0.1321548E+00     0.3501956E+03     0.3464871E+00
   0.4553120E+04     0.1331136E+00     0.3498907E+03     0.3461947E+00
   0.4564885E+04     0.1340765E+00     0.3495853E+03     0.3459021E+00
   0.4576650E+04     0.1350436E+00     0.3492797E+03     0.3456093E+00
   0.4588416E+04     0.1360148E+00     0.3489738E+03     0.3453163E+00
   0.4600181E+04     0.1369902E+00     0.3486677E+03     0.3450232E+00
   0.4611946E+04     0.1379696E+00     0.3483613E+03     0.3447299E+00
   0.4623711E+04     0.1389533E+00     0.3480546E+03     0.3444364E+00
   0.4635477E+04     0.1399411E+00     0.3477477E+03     0.3441428E+00
   0.4647242E+04     0.1409330E+00     0.3474405E+03     0.3438490E+00
   0.4659007E+04     0.1419291E+00     0.3471330E+03     0.3435551E+00
   0.4670772E+04     0.1429293E+00     0.3468253E+03     0.3432611E+00
   0.4682537E+04     0.1439337E+00     0.3465174E+03     0.3429669E+00
   0.4694302E+04     0.1449423E+00     0.3462092E+03     0.3426726E+00
   0.4706068E+04     0.1459550E+00     0.3459008E+03     0.3423783E+00
   0.4717832E+04     0.1469719E+00     0.3455922E+03     0.3420838E+00
   0.4729598E+04     0.1479930E+00     0.3452834E+03     0.3417892E+00
   0.4741363E+04     0.1490183E+00     0.3449743E+03     0.3414945E+00
   0.4753128E+04     0.1500477E+00     0.3446651E+03     0.3411997E+00
   0.4764893E+04     0.1510813E+00     0.3443556E+03     0.3409049E+00
   0.4776658E+04     0.1521191E+00     0.3440459E+03     0.3406100E+00
   0.4788424E+04     0.1531611E+00     0.3437361E+03     0.3403150E+00
   0.4800189E+04     0.1542073E+00     0.3434261E+03     0.3400199E+00
   0.4811954E+04     0.1552576E+00     0.3431158E+03     0.3397248E+00
   0.4823719E+04     0.1563122E+00     0.3428055E+03     0.3394297E+00
   0.4835485E+04     0.1573710E+00     0.3424949E+03     0.3391345E+00
   0.4847249E+04     0.1584340E+00     0.3421841E+03     0.3388393E+00
   0.4859015E+04     0.1595011E+00     0.3418732E+03     0.3385441E+00
   0.4870779E+04     0.1605725E+00     0.3415622E+03     0.3382488E+00
   0.4882545E+04     0.1616481E+00     0.3412510E+03     0.3379536E+00
   0.4894310E+04     0.1627279E+00     0.3409397E+03     0.3376583E+00
   0.4906075E+04     0.1638119E+00     0.3406281E+03     0.3373630E+00
   0.4917840E+04     0.1649001E+00     0.3403165E+03     0.3370678E+00
   0.4929605E+04     0.1659926E+00     0.3400048E+03     0.3367726E+00
   0.4941371E+04     0.1670893E+00     0.3396929E+03     0.3364773E+00
   0.4953136E+04     0.1681902E+00     0.3393809E+03     0.3361822E+00
   0.4964901E+04     0.1692953E+00     0.3390688E+03     0.3358871E+00
   0.4976666E+04     0.1704046E+00     0.3387566E+03     0.3355919E+00
   0.4988432E+04     0.1715182E+00     0.3384443E+03     0.3352969E+00
   0.5000197E+04     0.1726360E+00     0.3381319E+03     0.3350019E+00
   0.5011962E+04     0.1737580E+00     0.3378193E+03     0.3347070E+00
   0.5023727E+04     0.1748843E+00     0.3375067E+03     0.3344122E+00
   0.5035492E+04     0.1760148E+00     0.3371941E+03     0.3341174E+00
   0.5047257E+04     0.1771496E+00     0.3368813E+03     0.3338228E+00
   0.5059022E+04     0.1782886E+00     0.3365685E+03     0.3335282E+00
   0.5070788E+04     0.1794319E+00     0.3362556E+03     0.3332337E+00
   0.5082552E+04     0.1805793E+00     0.3359426E+03     0.3329394E+00
   0.5094318E+04     0.1817311E+00     0.3356296E+03     0.3326451E+00
   0.5106083E+04     0.1828871E+00     0.3353166E+03     0.3323510E+00
   0.5117848E+04     0.1840474E+00     0.3350034E+03     0.3320570E+00
   0.5129613E+04     0.1852119E+00     0.3346903E+03     0.3317631E+00
   0.5141379E+04     0.1863807E+00     0.3343771E+03     0.3314694E+00
   0.5153144E+04     0.1875538E+00     0.3340639E+03     0.3311758E+00
   0.5164909E+04     0.1887311E+00     0.3337507E+03     0.3308824E+00
   0.5176674E+04     0.1899127E+00     0.3334374E+03     0.3305892E+00
   0.5188439E+04     0.1910986E+00     0.3331241E+03     0.3302961E+00
   0.5200205E+04     0.1922887E+00     0.3328109E+03     0.3300032E+00
   0.5211969E+04     0.1934830E+00     0.3324977E+03     0.3297106E+00
   0.5223735E+04     0.1946817E+00     0.3321844E+03     0.3294181E+00
   0.5235500E+04     0.1958847E+00     0.3318711E+03     0.3291257E+00
   0.5247265E+04     0.1970919E+00     0.3315579E+03     0.3288337E+00
   0.5259030E+04     0.1983034E+00     0.3312447E+03     0.3285418E+00
   0.5270795E+04     0.1995192E+00     0.3309315E+03     0.3282501E+00
   0.5282560E+04     0.2007393E+00     0.3306183E+03     0.3279587E+00
   0.5294326E+04     0.2019636E+00     0.3303052E+03     0.3276675E+00
   0.5306091E+04     0.2031923E+00     0.3299921E+03     0.3273766E+00
   0.5317856E+04     0.2044252E+00     0.3296790E+03     0.3270859E+00
   0.5329621E+04     0.2056625E+00     0.3293661E+03     0.3267955E+00
   0.5341387E+04     0.2069040E+00     0.3290531E+03     0.3265053E+00
   0.5353152E+04     0.2081498E+00     0.3287403E+03     0.3262154E+00
   0.5364917E+04     0.2094000E+00     0.3284274E+03     0.3259258E+00
   0.5376682E+04     0.2106544E+00     0.3281147E+03     0.3256365E+00
   0.5388447E+04     0.2119131E+00     0.3278021E+03     0.3253474E+00
   0.5400212E+04     0.2131762E+00     0.3274895E+03     0.3250587E+00
   0.5411977E+04     0.2144435E+00     0.3271770E+03     0.3247703E+00
   0.5423742E+04     0.2157151E+00     0.3268647E+03     0.3244822E+00
   0.5435508E+04     0.2169911E+00     0.3265523E+03     0.3241944E+00
   0.5447273E+04     0.2182714E+00     0.3262402E+03     0.3239070E+00
   0.5459038E+04     0.2195560E+00     0.3259281E+03     0.3236199E+00
   0.5470803E+04     0.2208448E+00     0.3256161E+03     0.3233331E+00
   0.5482568E+04     0.2221380E+00     0.3253043E+03     0.3230467E+00
   0.5494334E+04     0.2234356E+00     0.3249926E+03     0.3227607E+00
   0.5506099E+04     0.2247375E+00     0.3246810E+03     0.3224750E+00
   0.5517864E+04     0.2260436E+00     0.3243696E+03     0.3221897E+00
   0.5529629E+04     0.2273541E+00     0.3240583E+03     0.3219047E+00
   0.5541395E+04     0.2286690E+00     0.3237471E+03     0.3216202E+00
   0.5553159E+04     0.2299881E+00     0.3234362E+03     0.3213360E+00
   0.5564925E+04     0.2313116E+00     0.3231253E+03     0.3210523E+00
   0.5576690E+04     0.2326394E+00     0.3228146E+03     0.3207690E+00
   0.5588455E+04     0.2339716E+00     0.3225041E+03     0.3204860E+00
   0.5600220E+04     0.2353081E+00     0.3221938E+03     0.3202036E+00
   0.5611985E+04     0.2366489E+00     0.3218836E+03     0.3199215E+00
   0.5623750E+04     0.2379940E+00     0.3215737E+03     0.3196399E+00
   0.5635516E+04     0.2393435E+00     0.3212638E+03     0.3193586E+00
   0.5647281E+04     0.2406974E+00     0.3209543E+03     0.3190778E+00
   0.5659046E+04     0.2420556E+00     0.3206447E+03     0.3187974E+00
   0.5670811E+04     0.2434181E+00     0.3203355E+03     0.3185175E+00
   0.5682576E+04     0.2447850E+00     0.3200263E+03     0.3182379E+00
   0.5694342E+04     0.2461562E+00     0.3197173E+03     0.3179587E+00
   0.5706106E+04     0.2475318E+00     0.3194084E+03     0.3176798E+00
   0.5717872E+04     0.2489117E+00     0.3190997E+03     0.3174013E+00
   0.5729637E+04     0.2502959E+00     0.3187911E+03     0.3171231E+00
   0.5741402E+04     0.2516845E+00     0.3184825E+03     0.3168453E+00
   0.5753167E+04     0.2530775E+00     0.3181742E+03     0.3165678E+00
   0.5764933E+04     0.2544748E+00     0.3178659E+03     0.3162907E+00
   0.5776697E+04     0.2558765E+00     0.3175577E+03     0.3160138E+00
   0.5788463E+04     0.2572826E+00     0.3172496E+03     0.3157372E+00
   0.5800228E+04     0.2586930E+00     0.3169417E+03     0.3154610E+00
   0.5811993E+04     0.2601077E+00     0.3166337E+03     0.3151850E+00
   0.5823758E+04     0.2615269E+00     0.3163258E+03     0.3149092E+00
   0.5835523E+04     0.2629503E+00     0.3160180E+03     0.3146338E+00
   0.5847289E+04     0.2643782E+00     0.3157103E+03     0.3143585E+00
   0.5859054E+04     0.2658104E+00     0.3154026E+03     0.3140836E+00
   0.5870819E+04     0.2672469E+00     0.3150950E+03     0.3138088E+00
   0.5882584E+04     0.2686878E+00     0.3147874E+03     0.3135343E+00
   0.5894349E+04     0.2701331E+00     0.3144799E+03     0.3132599E+00
   0.5906115E+04     0.2715828E+00     0.3141723E+03     0.3129858E+00
   0.5917880E+04     0.2730367E+00     0.3138648E+03     0.3127118E+00
   0.5929645E+04     0.2744951E+00     0.3135573E+03     0.3124381E+00
   0.5941410E+04     0.2759579E+00     0.3132497E+03     0.3121644E+00
   0.5953175E+04     0.2774250E+00     0.3129423E+03     0.3118910E+00
   0.5964940E+04     0.2788965E+00     0.3126347E+03     0.3116176E+00
   0.5976706E+04     0.2803723E+00     0.3123272E+03     0.3113444E+00
   0.5988471E+04     0.2818525E+00     0.3120197E+03     0.3110714E+00
   0.6000236E+04     0.2833371E+00     0.3117121E+03     0.3107985E+00
   0.6012001E+04     0.2848260E+00     0.3114044E+03     0.3105256E+00
   0.6023766E+04     0.2863193E+00     0.3110968E+03     0.3102528E+00
   0.6035531E+04     0.2878169E+00     0.3107891E+03     0.3099802E+00
   0.6047296E+04     0.2893190E+00     0.3104812E+03     0.3097075E+00
   0.6059062E+04     0.2908254E+00     0.3101734E+03     0.3094350E+00
   0.6070827E+04     0.2923361E+00     0.3098654E+03     0.3091624E+00
   0.6082592E+04     0.2938512E+00     0.3095575E+03     0.3088900E+00
   0.6094357E+04     0.2953707E+00     0.3092494E+03     0.3086175E+00
   0.6106123E+04     0.2968945E+00     0.3089412E+03     0.3083451E+00
   0.6117887E+04     0.2984226E+00     0.3086329E+03     0.3080727E+00
   0.6129653E+04     0.2999552E+00     0.3083245E+03     0.3078002E+00
   0.6141418E+04     0.3014921E+00     0.3080159E+03     0.3075277E+00
   0.6153183E+04     0.3030334E+00     0.3077073E+03     0.3072552E+00
   0.6164948E+04     0.3045790E+00     0.3073986E+03     0.3069827E+00
   0.6176713E+04     0.3061289E+00     0.3070897E+03     0.3067101E+00
   0.6188479E+04     0.3076832E+00     0.3067806E+03     0.3064374E+00
   0.6200244E+04     0.3092419E+00     0.3064714E+03     0.3061647E+00
   0.6212009E+04     0.3108049E+00     0.3061620E+03     0.3058919E+00
   0.6223774E+04     0.3123722E+00     0.3058525E+03     0.3056189E+00
   0.6235539E+04     0.3139439E+00     0.3055427E+03     0.3053459E+00
   0.6247305E+04     0.3155200E+00     0.3052328E+03     0.3050727E+00
   0.6259070E+04     0.3171004E+00     0.3049228E+03     0.3047995E+00
   0.6270835E+04     0.3186851E+00     0.3046125E+03     0.3045260E+00
   0.6282600E+04     0.3202742E+00     0.3043020E+03     0.3042524E+00
   0.6294366E+04     0.3218676E+00     0.3039912E+03     0.3039787E+00
   0.6306130E+04     0.3234653E+00     0.3036804E+03     0.3037048E+00
   0.6317896E+04     0.3250674E+00     0.3033692E+03     0.3034307E+00
   0.6329660E+04     0.3266738E+00     0.3030579E+03     0.3031564E+00
   0.6341426E+04     0.3282846E+00     0.3027462E+03     0.3028818E+00
   0.6353191E+04     0.3298996E+00     0.3024343E+03     0.3026070E+00
   0.6364956E+04     0.3315189E+00     0.3021222E+03     0.3023321E+00
   0.6376721E+04     0.3331426E+00     0.3018098E+03     0.3020568E+00
   0.6388486E+04     0.3347707E+00     0.3014971E+03     0.3017814E+00
   0.6400252E+04     0.3364030E+00     0.3011842E+03     0.3015056E+00
   0.6412017E+04     0.3380396E+00     0.3008709E+03     0.3012296E+00
   0.6423782E+04     0.3396806E+00     0.3005574E+03     0.3009532E+00
   0.6435547E+04     0.3413258E+00     0.3002436E+03     0.3006766E+00
   0.6447313E+04     0.3429754E+00     0.2999294E+03     0.3003997E+00
   0.6459077E+04     0.3446292E+00     0.2996150E+03     0.3001224E+00
   0.6470843E+04     0.3462873E+00     0.2993003E+03     0.2998448E+00
   0.6482607E+04     0.3479497E+00     0.2989851E+03     0.2995669E+00
   0.6494373E+04     0.3496165E+00     0.2986696E+03     0.2992885E+00
   0.6506138E+04     0.3512875E+00     0.2983538E+03     0.2990098E+00
   0.6517903E+04     0.3529628E+00     0.2980377E+03     0.2987308E+00
   0.6529668E+04     0.3546423E+00     0.2977212E+03     0.2984513E+00
   0.6541434E+04     0.3563262E+00     0.2974044E+03     0.2981715E+00
   0.6553199E+04     0.3580143E+00     0.2970871E+03     0.2978912E+00
   0.6564964E+04     0.3597066E+00     0.2967696E+03     0.2976106E+00
   0.6576729E+04     0.3614032E+00     0.2964515E+03     0.2973294E+00
   0.6588495E+04     0.3631042E+00     0.2961331E+03     0.2970478E+00
   0.6600260E+04     0.3648092E+00     0.2958143E+03     0.2967657E+00
   0.6612025E+04     0.3665186E+00     0.2954950E+03     0.2964832E+00
   0.6623790E+04     0.3682322E+00     0.2951753E+03     0.2962001E+00
   0.6635555E+04     0.3699501E+00     0.2948552E+03     0.2959165E+00
   0.6647320E+04     0.3716722E+00     0.2945347E+03     0.2956325E+00
   0.6659085E+04     0.3733985E+00     0.2942137E+03     0.2953479E+00
   0.6670850E+04     0.3751290E+00     0.2938924E+03     0.2950629E+00
   0.6682616E+04     0.3768637E+00     0.2935705E+03     0.2947773E+00
   0.6694381E+04     0.3786027E+00     0.2932482E+03     0.2944911E+00
   0.6706146E+04     0.3803459E+00     0.2929254E+03     0.2942044E+00
   0.6717911E+04     0.3820932E+00     0.2926022E+03     0.2939171E+00
   0.6729676E+04     0.3838448E+00     0.2922784E+03     0.2936292E+00
   0.6741442E+04     0.3856006E+00     0.2919542E+03     0.2933407E+00
   0.6753207E+04     0.3873605E+00     0.2916294E+03     0.2930515E+00
   0.6764972E+04     0.3891169E+00     0.2887592E+03     0.2908044E+00
   0.6776737E+04     0.3908696E+00     0.2884206E+03     0.2905022E+00
   0.6788503E+04     0.3926264E+00     0.2880819E+03     0.2901998E+00
   0.6800267E+04     0.3943872E+00     0.2877433E+03     0.2898973E+00
   0.6812033E+04     0.3961520E+00     0.2874049E+03     0.2895946E+00
   0.6823797E+04     0.3979209E+00     0.2870665E+03     0.2892917E+00
   0.6835563E+04     0.3996938E+00     0.2867282E+03     0.2889885E+00
   0.6847328E+04     0.4014708E+00     0.2863899E+03     0.2886852E+00
   0.6859093E+04     0.4032517E+00     0.2860517E+03     0.2883817E+00
   0.6870858E+04     0.4050367E+00     0.2857137E+03     0.2880780E+00
   0.6882623E+04     0.4068256E+00     0.2853757E+03     0.2877741E+00
   0.6894389E+04     0.4086187E+00     0.2850378E+03     0.2874700E+00
   0.6906154E+04     0.4104156E+00     0.2847000E+03     0.2871657E+00
   0.6917919E+04     0.4122165E+00     0.2843623E+03     0.2868612E+00
   0.6929684E+04     0.4140215E+00     0.2840247E+03     0.2865565E+00
   0.6941450E+04     0.4158305E+00     0.2836873E+03     0.2862517E+00
   0.6953214E+04     0.4176434E+00     0.2833499E+03     0.2859465E+00
   0.6964980E+04     0.4194603E+00     0.2830126E+03     0.2856412E+00
   0.6976745E+04     0.4212812E+00     0.2826755E+03     0.2853357E+00
   0.6988510E+04     0.4231062E+00     0.2823384E+03     0.2850299E+00
   0.7000275E+04     0.4249350E+00     0.2820015E+03     0.2847239E+00
   0.7012040E+04     0.4267677E+00     0.2816647E+03     0.2844177E+00
   0.7023805E+04     0.4286045E+00     0.2813280E+03     0.2841113E+00
   0.7035570E+04     0.4304453E+00     0.2809915E+03     0.2838047E+00
   0.7047336E+04     0.4322900E+00     0.2806551E+03     0.2834978E+00
   0.7059101E+04     0.4341385E+00     0.2803188E+03     0.2831908E+00
   0.7070866E+04     0.4359911E+00     0.2799826E+03     0.2828835E+00
   0.7082631E+04     0.4378477E+00     0.2796466E+03     0.2825759E+00
   0.7094397E+04     0.4397082E+00     0.2793107E+03     0.2822681E+00
   0.7106162E+04     0.4415726E+00     0.2789750E+03     0.2819601E+00
   0.7117927E+04     0.4434409E+00     0.2786393E+03     0.2816519E+00
   0.7129692E+04     0.4453131E+00     0.2783039E+03     0.2813434E+00
   0.7141457E+04     0.4471894E+00     0.2779686E+03     0.2810347E+00
   0.7153223E+04     0.4490695E+00     0.2776335E+03     0.2807257E+00
   0.7164987E+04     0.4509535E+00     0.2772985E+03     0.2804165E+00
   0.7176753E+04     0.4528415E+00     0.2769637E+03     0.2801071E+00
   0.7188518E+04     0.4547334E+00     0.2766290E+03     0.2797974E+00
   0.7200283E+04     0.4566292E+00     0.2762945E+03     0.2794875E+00
   0.7212048E+04     0.4585289E+00     0.2759601E+03     0.2791772E+00
   0.7223813E+04     0.4604324E+00     0.2756260E+03     0.2788668E+00
   0.7235578E+04     0.4623399E+00     0.2752920E+03     0.2785561E+00
   0.7247344E+04     0.4642513E+00     0.2749581E+03     0.2782452E+00
   0.7259109E+04     0.4661666E+00     0.2746245E+03     0.2779340E+00
   0.7270874E+04     0.4680858E+00     0.2742910E+03     0.2776225E+00
   0.7282639E+04     0.4700088E+00     0.2739577E+03     0.2773107E+00
   0.7294404E+04     0.4719358E+00     0.2736246E+03     0.2769987E+00
   0.7306170E+04     0.4738666E+00     0.2732917E+03     0.2766865E+00
   0.7317934E+04     0.4758013E+00     0.2729589E+03     0.2763740E+00
   0.7329700E+04     0.4777398E+00     0.2726263E+03     0.2760611E+00
   0.7341465E+04     0.4796823E+00     0.2722940E+03     0.2757481E+00
   0.7353230E+04     0.4816285E+00     0.2719619E+03     0.2754347E+00
   0.7364995E+04     0.4835786E+00     0.2716299E+03     0.2751212E+00
   0.7376760E+04     0.4855326E+00     0.2712981E+03     0.2748072E+00
   0.7388525E+04     0.4874904E+00     0.2709666E+03     0.2744931E+00
   0.7400291E+04     0.4894521E+00     0.2706352E+03     0.2741786E+00
   0.7412056E+04     0.4914176E+00     0.2703040E+03     0.2738639E+00
   0.7423821E+04     0.4933869E+00     0.2699731E+03     0.2735489E+00
   0.7435586E+04     0.4953601E+00     0.2696424E+03     0.2732336E+00
   0.7447352E+04     0.4973372E+00     0.2693119E+03     0.2729180E+00
   0.7459117E+04     0.4993180E+00     0.2689816E+03     0.2726022E+00
   0.7470882E+04     0.5013026E+00     0.2686515E+03     0.2722860E+00
   0.7482647E+04     0.5032911E+00     0.2683217E+03     0.2719696E+00
   0.7494413E+04     0.5052834E+00     0.2679920E+03     0.2716528E+00
   0.7506177E+04     0.5072795E+00     0.2676626E+03     0.2713358E+00
   0.7517943E+04     0.5092794E+00     0.2673334E+03     0.2710184E+00
   0.7529708E+04     0.5112831E+00     0.2670045E+03     0.2707008E+00
   0.7541473E+04     0.5132905E+00     0.2666758E+03     0.2703829E+00
   0.7553238E+04     0.5153018E+00     0.2663473E+03     0.2700647E+00
   0.7565003E+04     0.5173170E+00     0.2660190E+03     0.2697462E+00
   0.7576769E+04     0.5193359E+00     0.2656910E+03     0.2694273E+00
   0.7588534E+04     0.5213585E+00     0.2653633E+03     0.2691082E+00
   0.7600299E+04     0.5233850E+00     0.2650357E+03     0.2687887E+00
   0.7612064E+04     0.5254151E+00     0.2647085E+03     0.2684690E+00
   0.7623829E+04     0.5274491E+00     0.2643815E+03     0.2681489E+00
   0.7635594E+04     0.5294868E+00     0.2640547E+03     0.2678285E+00
   0.7647359E+04     0.5315282E+00     0.2637282E+03     0.2675079E+00
   0.7659124E+04     0.5335735E+00     0.2634019E+03     0.2671868E+00
   0.7670890E+04     0.5356227E+00     0.2630759E+03     0.2668655E+00
   0.7682655E+04     0.5376754E+00     0.2627501E+03     0.2665438E+00
   0.7694420E+04     0.5397319E+00     0.2624247E+03     0.2662219E+00
   0.7706185E+04     0.5417922E+00     0.2620994E+03     0.2658996E+00
   0.7717951E+04     0.5438561E+00     0.2617745E+03     0.2655770E+00
   0.7729715E+04     0.5459238E+00     0.2614498E+03     0.2652541E+00
   0.7741481E+04     0.5479953E+00     0.2611253E+03     0.2649308E+00
   0.7753245E+04     0.5500705E+00     0.2608012E+03     0.2646072E+00
   0.7765012E+04     0.5521495E+00     0.2604773E+03     0.2642833E+00
   0.7776777E+04     0.5542322E+00     0.2601537E+03     0.2639590E+00
   0.7788542E+04     0.5563185E+00     0.2598304E+03     0.2636345E+00
   0.7800307E+04     0.5584086E+00     0.2595074E+03     0.2633096E+00
   0.7812072E+04     0.5605024E+00     0.2591846E+03     0.2629843E+00
   0.7823837E+04     0.5625998E+00     0.2588621E+03     0.2626587E+00
   0.7835602E+04     0.5647010E+00     0.2585399E+03     0.2623328E+00
   0.7847367E+04     0.5668058E+00     0.2582180E+03     0.2620066E+00
   0.7859132E+04     0.5689144E+00     0.2578964E+03     0.2616799E+00
   0.7870898E+04     0.5710267E+00     0.2575750E+03     0.2613530E+00
   0.7882663E+04     0.5731427E+00     0.2572541E+03     0.2610257E+00
   0.7894428E+04     0.5752623E+00     0.2569333E+03     0.2606981E+00
   0.7906193E+04     0.5773855E+00     0.2566129E+03     0.2603701E+00
   0.7917958E+04     0.5795125E+00     0.2562928E+03     0.2600418E+00
   0.7929724E+04     0.5816432E+00     0.2559729E+03     0.2597131E+00
   0.7941488E+04     0.5837774E+00     0.2556534E+03     0.2593841E+00
   0.7953254E+04     0.5859154E+00     0.2553340E+03     0.2590547E+00
   0.7965020E+04     0.5880572E+00     0.2550149E+03     0.2587248E+00
   0.7976784E+04     0.5902024E+00     0.2546960E+03     0.2583946E+00
   0.7988550E+04     0.5923513E+00     0.2543773E+03     0.2580639E+00
   0.8000314E+04     0.5945039E+00     0.2540587E+03     0.2577328E+00
   0.8012080E+04     0.5966601E+00     0.2537403E+03     0.2574012E+00
   0.8023845E+04     0.5988199E+00     0.2534219E+03     0.2570691E+00
   0.8035610E+04     0.6009833E+00     0.2531036E+03     0.2567365E+00
   0.8047375E+04     0.6031504E+00     0.2527853E+03     0.2564033E+00
   0.8059140E+04     0.6053210E+00     0.2524671E+03     0.2560697E+00
   0.8070906E+04     0.6074955E+00     0.2521488E+03     0.2557354E+00
   0.8082671E+04     0.6096734E+00     0.2518305E+03     0.2554006E+00
   0.8094436E+04     0.6118548E+00     0.2515121E+03     0.2550652E+00
   0.8106201E+04     0.6140398E+00     0.2511936E+03     0.2547292E+00
   0.8117966E+04     0.6162283E+00     0.2508751E+03     0.2543925E+00
   0.8129731E+04     0.6184205E+00     0.2505564E+03     0.2540553E+00
   0.8141496E+04     0.6206163E+00     0.2502375E+03     0.2537173E+00
   0.8153261E+04     0.6228155E+00     0.2499184E+03     0.2533787E+00
   0.8165026E+04     0.6250184E+00     0.2495991E+03     0.2530394E+00
   0.8176792E+04     0.6272249E+00     0.2492796E+03     0.2526993E+00
   0.8188557E+04     0.6294348E+00     0.2489598E+03     0.2523586E+00
   0.8200323E+04     0.6316482E+00     0.2486397E+03     0.2520170E+00
   0.8212088E+04     0.6338651E+00     0.2483193E+03     0.2516748E+00
   0.8223853E+04     0.6360855E+00     0.2479986E+03     0.2513317E+00
   0.8235618E+04     0.6383094E+00     0.2476775E+03     0.2509879E+00
   0.8247383E+04     0.6405367E+00     0.2473560E+03     0.2506433E+00
   0.8259148E+04     0.6427675E+00     0.2470341E+03     0.2502978E+00
   0.8270914E+04     0.6450019E+00     0.2467118E+03     0.2499515E+00
   0.8282679E+04     0.6472397E+00     0.2463890E+03     0.2496044E+00
   0.8294444E+04     0.6494808E+00     0.2460658E+03     0.2492564E+00
   0.8306209E+04     0.6517254E+00     0.2457420E+03     0.2489075E+00
   0.8317974E+04     0.6539733E+00     0.2454177E+03     0.2485577E+00
   0.8329739E+04     0.6562247E+00     0.2450929E+03     0.2482070E+00
   0.8341504E+04     0.6584795E+00     0.2447675E+03     0.2478554E+00
   0.8353269E+04     0.6607375E+00     0.2444416E+03     0.2475029E+00
   0.8365034E+04     0.6629990E+00     0.2441149E+03     0.2471494E+00
   0.8376800E+04     0.6652639E+00     0.2437877E+03     0.2467949E+00
   0.8388565E+04     0.6675320E+00     0.2434598E+03     0.2464395E+00
   0.8400331E+04     0.6698034E+00     0.2431312E+03     0.2460830E+00
   0.8412095E+04     0.6720781E+00     0.2428019E+03     0.2457256E+00
   0.8423861E+04     0.6743560E+00     0.2424719E+03     0.2453671E+00
   0.8435625E+04     0.6766372E+00     0.2421412E+03     0.2450076E+00
   0.8447391E+04     0.6789217E+00     0.2418097E+03     0.2446471E+00
   0.8459155E+04     0.6812094E+00     0.2414774E+03     0.2442855E+00
   0.8470921E+04     0.6835005E+00     0.2411443E+03     0.2439228E+00
   0.8482687E+04     0.6857947E+00     0.2408103E+03     0.2435590E+00
   0.8494452E+04     0.6880919E+00     0.2404755E+03     0.2431941E+00
   0.8506217E+04     0.6903924E+00     0.2401399E+03     0.2428282E+00
   0.8517982E+04     0.6926960E+00     0.2398034E+03     0.2424611E+00
   0.8529747E+04     0.6950028E+00     0.2394659E+03     0.2420929E+00
   0.8541512E+04     0.6973126E+00     0.2391276E+03     0.2417235E+00
   0.8553277E+04     0.6996256E+00     0.2387883E+03     0.2413530E+00
   0.8565042E+04     0.7019416E+00     0.2384480E+03     0.2409813E+00
   0.8576808E+04     0.7042608E+00     0.2381067E+03     0.2406085E+00
   0.8588573E+04     0.7065828E+00     0.2377644E+03     0.2402344E+00
   0.8600338E+04     0.7089078E+00     0.2374211E+03     0.2398592E+00
   0.8612103E+04     0.7112361E+00     0.2370768E+03     0.2394827E+00
   0.8623868E+04     0.7135673E+00     0.2367314E+03     0.2391050E+00
   0.8635633E+04     0.7159012E+00     0.2363850E+03     0.2387261E+00
   0.8647398E+04     0.7182381E+00     0.2360374E+03     0.2383459E+00
   0.8659164E+04     0.7205780E+00     0.2356887E+03     0.2379645E+00
   0.8670930E+04     0.7229211E+00     0.2353389E+03     0.2375818E+00
   0.8682694E+04     0.7252668E+00     0.2349880E+03     0.2371979E+00
   0.8694460E+04     0.7276153E+00     0.2346359E+03     0.2368127E+00
   0.8706225E+04     0.7299666E+00     0.2342826E+03     0.2364262E+00
   0.8717990E+04     0.7323208E+00     0.2339281E+03     0.2360384E+00
   0.8729755E+04     0.7346778E+00     0.2335724E+03     0.2356492E+00
   0.8741520E+04     0.7370375E+00     0.2332155E+03     0.2352588E+00
   0.8753285E+04     0.7394000E+00     0.2328574E+03     0.2348671E+00
   0.8765050E+04     0.7417651E+00     0.2324979E+03     0.2344740E+00
   0.8776816E+04     0.7441332E+00     0.2321372E+03     0.2340795E+00
   0.8788581E+04     0.7465037E+00     0.2317753E+03     0.2336838E+00
   0.8800346E+04     0.7488768E+00     0.2314120E+03     0.2332866E+00
   0.8812111E+04     0.7512526E+00     0.2310474E+03     0.2328881E+00
   0.8823876E+04     0.7536309E+00     0.2306815E+03     0.2324883E+00
   0.8835641E+04     0.7560118E+00     0.2303142E+03     0.2320870E+00
   0.8847406E+04     0.7583953E+00     0.2299455E+03     0.2316844E+00
   0.8859172E+04     0.7607813E+00     0.2295755E+03     0.2312804E+00
   0.8870937E+04     0.7631699E+00     0.2292041E+03     0.2308749E+00
   0.8882702E+04     0.7655609E+00     0.2288313E+03     0.2304682E+00
   0.8894468E+04     0.7679543E+00     0.2284571E+03     0.2300599E+00
   0.8906232E+04     0.7703501E+00     0.2280815E+03     0.2296503E+00
   0.8917998E+04     0.7727482E+00     0.2277044E+03     0.2292392E+00
   0.8929762E+04     0.7751487E+00     0.2273259E+03     0.2288267E+00
   0.8941528E+04     0.7775515E+00     0.2269459E+03     0.2284128E+00
   0.8953293E+04     0.7799566E+00     0.2265644E+03     0.2279975E+00
   0.8965058E+04     0.7823640E+00     0.2261815E+03     0.2275807E+00
   0.8976824E+04     0.7847738E+00     0.2257970E+03     0.2271625E+00
   0.8988589E+04     0.7871857E+00     0.2254111E+03     0.2267428E+00
   0.9000354E+04     0.7895997E+00     0.2250237E+03     0.2263217E+00
   0.9012119E+04     0.7920159E+00     0.2246347E+03     0.2258991E+00
   0.9023884E+04     0.7944342E+00     0.2242442E+03     0.2254750E+00
   0.9035649E+04     0.7968546E+00     0.2238521E+03     0.2250496E+00
   0.9047414E+04     0.7992770E+00     0.2234585E+03     0.2246226E+00
   0.9059179E+04     0.8017014E+00     0.2230633E+03     0.2241942E+00
   0.9070945E+04     0.8041281E+00     0.2226666E+03     0.2237642E+00
   0.9082711E+04     0.8065565E+00     0.2222682E+03     0.2233329E+00
   0.9094475E+04     0.8089868E+00     0.2218683E+03     0.2229000E+00
   0.9106241E+04     0.8114191E+00     0.2214668E+03     0.2224657E+00
   0.9118005E+04     0.8138458E+00     0.2142833E+03     0.2139290E+00
   0.9129771E+04     0.8162068E+00     0.2138570E+03     0.2134657E+00
   0.9141536E+04     0.8185692E+00     0.2134306E+03     0.2130025E+00
   0.9153301E+04     0.8209330E+00     0.2130039E+03     0.2125395E+00
   0.9165066E+04     0.8232982E+00     0.2125770E+03     0.2120767E+00
   0.9176831E+04     0.8256648E+00     0.2121498E+03     0.2116140E+00
   0.9188597E+04     0.8280326E+00     0.2117225E+03     0.2111515E+00
   0.9200362E+04     0.8304017E+00     0.2112949E+03     0.2106892E+00
   0.9212127E+04     0.8327720E+00     0.2108672E+03     0.2102271E+00
   0.9223892E+04     0.8351436E+00     0.2104392E+03     0.2097652E+00
   0.9235657E+04     0.8375163E+00     0.2100111E+03     0.2093035E+00
   0.9247422E+04     0.8398904E+00     0.2095828E+03     0.2088421E+00
   0.9259188E+04     0.8422656E+00     0.2091543E+03     0.2083809E+00
   0.9270954E+04     0.8446422E+00     0.2087255E+03     0.2079200E+00
   0.9282718E+04     0.8470197E+00     0.2082967E+03     0.2074593E+00
   0.9294483E+04     0.8493983E+00     0.2078677E+03     0.2069989E+00
   0.9306248E+04     0.8517781E+00     0.2074385E+03     0.2065389E+00
   0.9318014E+04     0.8541589E+00     0.2070092E+03     0.2060791E+00
   0.9329778E+04     0.8565409E+00     0.2065797E+03     0.2056196E+00
   0.9341543E+04     0.8589239E+00     0.2061501E+03     0.2051605E+00
   0.9353308E+04     0.8613079E+00     0.2057203E+03     0.2047017E+00
   0.9365074E+04     0.8636929E+00     0.2052904E+03     0.2042432E+00
   0.9376840E+04     0.8660792E+00     0.2048603E+03     0.2037851E+00
   0.9388605E+04     0.8684661E+00     0.2044301E+03     0.2033273E+00
   0.9400369E+04     0.8708541E+00     0.2039999E+03     0.2028700E+00
   0.9412135E+04     0.8732430E+00     0.2035695E+03     0.2024130E+00
   0.9423900E+04     0.8756328E+00     0.2031390E+03     0.2019564E+00
   0.9435665E+04     0.8780236E+00     0.2027084E+03     0.2015002E+00
   0.9447430E+04     0.8804151E+00     0.2022776E+03     0.2010444E+00
   0.9459195E+04     0.8828077E+00     0.2018468E+03     0.2005891E+00
   0.9470961E+04     0.8852012E+00     0.2014159E+03     0.2001341E+00
   0.9482726E+04     0.8875954E+00     0.2009849E+03     0.1996796E+00
   0.9494491E+04     0.8899903E+00     0.2005539E+03     0.1992256E+00
   0.9506256E+04     0.8923860E+00     0.2001228E+03     0.1987720E+00
   0.9518021E+04     0.8947825E+00     0.1996915E+03     0.1983189E+00
   0.9529786E+04     0.8971798E+00     0.1992603E+03     0.1978663E+00
   0.9541551E+04     0.8995779E+00     0.1988290E+03     0.1974142E+00
   0.9553317E+04     0.9019766E+00     0.1983976E+03     0.1969625E+00
   0.9565082E+04     0.9043760E+00     0.1979662E+03     0.1965114E+00
   0.9576848E+04     0.9067763E+00     0.1975347E+03     0.1960608E+00
   0.9588612E+04     0.9091771E+00     0.1971032E+03     0.1956107E+00
   0.9600377E+04     0.9115785E+00     0.1966717E+03     0.1951611E+00
   0.9612143E+04     0.9139805E+00     0.1962401E+03     0.1947121E+00
   0.9623908E+04     0.9163831E+00     0.1958086E+03     0.1942637E+00
   0.9635673E+04     0.9187863E+00     0.1953770E+03     0.1938158E+00
   0.9647437E+04     0.9211900E+00     0.1949454E+03     0.1933684E+00
   0.9659203E+04     0.9235943E+00     0.1945139E+03     0.1929217E+00
   0.9670969E+04     0.9259993E+00     0.1940822E+03     0.1924755E+00
   0.9682734E+04     0.9284047E+00     0.1936507E+03     0.1920299E+00
   0.9694499E+04     0.9308105E+00     0.1932191E+03     0.1915849E+00
   0.9706264E+04     0.9332168E+00     0.1927876E+03     0.1911406E+00
   0.9718029E+04     0.9356234E+00     0.1923561E+03     0.1906968E+00
   0.9729794E+04     0.9380307E+00     0.1919246E+03     0.1902537E+00
   0.9741559E+04     0.9404382E+00     0.1914932E+03     0.1898113E+00
   0.9753325E+04     0.9428461E+00     0.1910618E+03     0.1893694E+00
   0.9765089E+04     0.9452545E+00     0.1906304E+03     0.1889282E+00
   0.9776855E+04     0.9476633E+00     0.1901990E+03     0.1884876E+00
   0.9788620E+04     0.9500723E+00     0.1897678E+03     0.1880477E+00
   0.9800385E+04     0.9524817E+00     0.1893366E+03     0.1876085E+00
   0.9812151E+04     0.9548913E+00     0.1889055E+03     0.1871700E+00
   0.9823916E+04     0.9573012E+00     0.1884744E+03     0.1867321E+00
   0.9835680E+04     0.9597114E+00     0.1880435E+03     0.1862950E+00
   0.9847446E+04     0.9621217E+00     0.1876127E+03     0.1858586E+00
   0.9859211E+04     0.9645325E+00     0.1871819E+03     0.1854229E+00
   0.9870977E+04     0.9669435E+00     0.1867512E+03     0.1849879E+00
   0.9882742E+04     0.9693543E+00     0.1863206E+03     0.1845536E+00
   0.9894506E+04     0.9717657E+00     0.1858902E+03     0.1841200E+00
   0.9906272E+04     0.9741771E+00     0.1854598E+03     0.1836872E+00
   0.9918037E+04     0.9765885E+00     0.1850296E+03     0.1832552E+00
   0.9929802E+04     0.9790000E+00     0.1845995E+03     0.1828239E+00
   0.9941567E+04     0.9814116E+00     0.1841696E+03     0.1823933E+00
   0.9953332E+04     0.9838236E+00     0.1837397E+03     0.1819635E+00
   0.9965097E+04     0.9862356E+00     0.1833101E+03     0.1815345E+00
   0.9976863E+04     0.9886478E+00     0.1828805E+03     0.1811062E+00
   0.9988628E+04     0.9910598E+00     0.1824511E+03     0.1806788E+00
   0.1000039E+05     0.9934719E+00     0.1820219E+03     0.1802521E+00
   0.1001216E+05     0.9958839E+00     0.1815928E+03     0.1798263E+00
   0.1002392E+05     0.9982959E+00     0.1811640E+03     0.1794012E+00
   0.1003569E+05     0.1000708E+01     0.1807353E+03     0.1789769E+00
   0.1004745E+05     0.1003119E+01     0.1803067E+03     0.1785535E+00
   0.1005922E+05     0.1005531E+01     0.1798784E+03     0.1781309E+00
   0.1007098E+05     0.1007942E+01     0.1794502E+03     0.1777091E+00
   0.1008275E+05     0.1010354E+01     0.1790223E+03     0.1772881E+00
   0.1009451E+05     0.1012765E+01     0.1785946E+03     0.1768680E+00
   0.1010628E+05     0.1015177E+01     0.1781671E+03     0.1764487E+00
   0.1011804E+05     0.1017588E+01     0.1777397E+03     0.1760303E+00
   0.1012981E+05     0.1019999E+01     0.1773127E+03     0.1756127E+00
   0.1014158E+05     0.1022409E+01     0.1768858E+03     0.1751960E+00
   0.1015334E+05     0.1024819E+01     0.1764592E+03     0.1747802E+00
   0.1016510E+05     0.1027230E+01     0.1760328E+03     0.1743652E+00
   0.1017687E+05     0.1029640E+01     0.1756066E+03     0.1739511E+00
   0.1018864E+05     0.1032050E+01     0.1751807E+03     0.1735379E+00
   0.1020040E+05     0.1034459E+01     0.1747551E+03     0.1731256E+00
   0.1021217E+05     0.1036868E+01     0.1743297E+03     0.1727141E+00
   0.1022393E+05     0.1039277E+01     0.1739046E+03     0.1723036E+00
   0.1023570E+05     0.1041685E+01     0.1734798E+03     0.1718940E+00
   0.1024746E+05     0.1044093E+01     0.1730552E+03     0.1714853E+00
   0.1025923E+05     0.1046501E+01     0.1726309E+03     0.1710775E+00
   0.1027099E+05     0.1048908E+01     0.1722068E+03     0.1706705E+00
   0.1028276E+05     0.1051315E+01     0.1717832E+03     0.1702646E+00
   0.1029452E+05     0.1053721E+01     0.1713597E+03     0.1698595E+00
   0.1030629E+05     0.1056127E+01     0.1709366E+03     0.1694554E+00
   0.1031805E+05     0.1058533E+01     0.1705139E+03     0.1690522E+00
   0.1032982E+05     0.1060938E+01     0.1700914E+03     0.1686500E+00
   0.1034158E+05     0.1063342E+01     0.1696692E+03     0.1682487E+00
   0.1035335E+05     0.1065747E+01     0.1692474E+03     0.1678483E+00
   0.1036511E+05     0.1068150E+01     0.1688259E+03     0.1674489E+00
   0.1037688E+05     0.1070553E+01     0.1684047E+03     0.1670504E+00
   0.1038864E+05     0.1072955E+01     0.1679838E+03     0.1666529E+00
   0.1040041E+05     0.1075357E+01     0.1675634E+03     0.1662564E+00
   0.1041217E+05     0.1077759E+01     0.1671432E+03     0.1658609E+00
   0.1042394E+05     0.1080159E+01     0.1667235E+03     0.1654663E+00
   0.1043570E+05     0.1082559E+01     0.1663041E+03     0.1650727E+00
   0.1044747E+05     0.1084959E+01     0.1658850E+03     0.1646800E+00
   0.1045923E+05     0.1087357E+01     0.1654663E+03     0.1642884E+00
   0.1047100E+05     0.1089756E+01     0.1650480E+03     0.1638977E+00
   0.1048276E+05     0.1092153E+01     0.1646301E+03     0.1635080E+00
   0.1049453E+05     0.1094550E+01     0.1642126E+03     0.1631193E+00
   0.1050630E+05     0.1096946E+01     0.1637955E+03     0.1627316E+00
   0.1051806E+05     0.1099341E+01     0.1633788E+03     0.1623449E+00
   0.1052983E+05     0.1101736E+01     0.1629624E+03     0.1619592E+00
   0.1054159E+05     0.1104129E+01     0.1625465E+03     0.1615746E+00
   0.1055336E+05     0.1106522E+01     0.1621310E+03     0.1611909E+00
   0.1056512E+05     0.1108914E+01     0.1617159E+03     0.1608082E+00
   0.1057689E+05     0.1111306E+01     0.1613012E+03     0.1604265E+00
   0.1058865E+05     0.1113696E+01     0.1608870E+03     0.1600459E+00
   0.1060042E+05     0.1116086E+01     0.1604731E+03     0.1596662E+00
   0.1061218E+05     0.1118475E+01     0.1600596E+03     0.1592874E+00
   0.1062395E+05     0.1120863E+01     0.1596463E+03     0.1589093E+00
   0.1063571E+05     0.1123250E+01     0.1592329E+03     0.1585316E+00
   0.1064748E+05     0.1125636E+01     0.1588194E+03     0.1581542E+00
   0.1065924E+05     0.1128021E+01     0.1584056E+03     0.1577769E+00
   0.1067101E+05     0.1130406E+01     0.1579914E+03     0.1573995E+00
   0.1068277E+05     0.1132789E+01     0.1575766E+03     0.1570219E+00
   0.1069454E+05     0.1135171E+01     0.1571612E+03     0.1566438E+00
   0.1070630E+05     0.1137552E+01     0.1567450E+03     0.1562651E+00
   0.1071807E+05     0.1139932E+01     0.1563278E+03     0.1558857E+00
   0.1072983E+05     0.1142311E+01     0.1559096E+03     0.1555054E+00
   0.1074160E+05     0.1144689E+01     0.1554902E+03     0.1551240E+00
   0.1075336E+05     0.1147065E+01     0.1550695E+03     0.1547413E+00
   0.1076513E+05     0.1149441E+01     0.1546474E+03     0.1543573E+00
   0.1077689E+05     0.1151815E+01     0.1542237E+03     0.1539717E+00
   0.1078866E+05     0.1154187E+01     0.1537984E+03     0.1535845E+00
   0.1080042E+05     0.1156559E+01     0.1533714E+03     0.1531954E+00
   0.1081219E+05     0.1158929E+01     0.1529426E+03     0.1528044E+00
   0.1082395E+05     0.1161297E+01     0.1525118E+03     0.1524113E+00
   0.1083572E+05     0.1163664E+01     0.1520790E+03     0.1520160E+00
   0.1084748E+05     0.1166029E+01     0.1516441E+03     0.1516184E+00
   0.1085925E+05     0.1168392E+01     0.1512069E+03     0.1512183E+00
   0.1087102E+05     0.1170754E+01     0.1507674E+03     0.1508156E+00
   0.1088278E+05     0.1173114E+01     0.1503255E+03     0.1504102E+00
   0.1089455E+05     0.1175472E+01     0.1498812E+03     0.1500020E+00
   0.1090631E+05     0.1177828E+01     0.1494343E+03     0.1495909E+00
   0.1091808E+05     0.1180183E+01     0.1489848E+03     0.1491767E+00
   0.1092984E+05     0.1182535E+01     0.1485325E+03     0.1487595E+00
   0.1094161E+05     0.1184885E+01     0.1480775E+03     0.1483390E+00
   0.1095337E+05     0.1187233E+01     0.1476197E+03     0.1479152E+00
   0.1096514E+05     0.1189579E+01     0.1471589E+03     0.1474880E+00
   0.1097690E+05     0.1191922E+01     0.1466952E+03     0.1470572E+00
   0.1098867E+05     0.1194263E+01     0.1462284E+03     0.1466229E+00
   0.1100043E+05     0.1196602E+01     0.1457586E+03     0.1461849E+00
   0.1101220E+05     0.1198937E+01     0.1452856E+03     0.1457432E+00
   0.1102396E+05     0.1201270E+01     0.1448094E+03     0.1452977E+00
   0.1103573E+05     0.1203601E+01     0.1443300E+03     0.1448483E+00
   0.1104749E+05     0.1205929E+01     0.1438473E+03     0.1443949E+00
   0.1105926E+05     0.1208253E+01     0.1433612E+03     0.1439376E+00
   0.1107102E+05     0.1210576E+01     0.1428718E+03     0.1434761E+00
   0.1108279E+05     0.1212894E+01     0.1423790E+03     0.1430105E+00
   0.1109455E+05     0.1215210E+01     0.1418828E+03     0.1425407E+00
   0.1110632E+05     0.1217523E+01     0.1413831E+03     0.1420667E+00
   0.1111808E+05     0.1219740E+01     0.1338468E+03     0.1357615E+00
   0.1112985E+05     0.1221930E+01     0.1333138E+03     0.1352593E+00
   0.1114161E+05     0.1224116E+01     0.1327840E+03     0.1347584E+00
   0.1115338E+05     0.1226299E+01     0.1322573E+03     0.1342589E+00
   0.1116514E+05     0.1228477E+01     0.1317338E+03     0.1337608E+00
   0.1117691E+05     0.1230651E+01     0.1312134E+03     0.1332640E+00
   0.1118868E+05     0.1232821E+01     0.1306963E+03     0.1327686E+00
   0.1120044E+05     0.1234987E+01     0.1301824E+03     0.1322746E+00
   0.1121221E+05     0.1237149E+01     0.1296719E+03     0.1317820E+00
   0.1122397E+05     0.1239307E+01     0.1291646E+03     0.1312907E+00
   0.1123574E+05     0.1241461E+01     0.1286606E+03     0.1308009E+00
   0.1124750E+05     0.1243611E+01     0.1281600E+03     0.1303126E+00
   0.1125927E+05     0.1245758E+01     0.1276627E+03     0.1298256E+00
   0.1127103E+05     0.1247900E+01     0.1271688E+03     0.1293401E+00
   0.1128280E+05     0.1250039E+01     0.1266782E+03     0.1288559E+00
   0.1129456E+05     0.1252174E+01     0.1261911E+03     0.1283733E+00
   0.1130633E+05     0.1254306E+01     0.1257074E+03     0.1278920E+00
   0.1131809E+05     0.1256433E+01     0.1252271E+03     0.1274123E+00
   0.1132986E+05     0.1258557E+01     0.1247502E+03     0.1269339E+00
   0.1134162E+05     0.1260677E+01     0.1242768E+03     0.1264571E+00
   0.1135339E+05     0.1262793E+01     0.1238068E+03     0.1259816E+00
   0.1136515E+05     0.1264906E+01     0.1233404E+03     0.1255077E+00
   0.1137692E+05     0.1267016E+01     0.1228773E+03     0.1250351E+00
   0.1138868E+05     0.1269121E+01     0.1224178E+03     0.1245641E+00
   0.1140045E+05     0.1271223E+01     0.1219618E+03     0.1240944E+00
   0.1141221E+05     0.1273322E+01     0.1215092E+03     0.1236263E+00
   0.1142398E+05     0.1275417E+01     0.1210602E+03     0.1231596E+00
   0.1143574E+05     0.1277509E+01     0.1206146E+03     0.1226944E+00
   0.1144751E+05     0.1279598E+01     0.1201726E+03     0.1222307E+00
   0.1145927E+05     0.1281683E+01     0.1197340E+03     0.1217684E+00
   0.1147104E+05     0.1283764E+01     0.1192990E+03     0.1213076E+00
   0.1148280E+05     0.1285843E+01     0.1188675E+03     0.1208482E+00
   0.1149457E+05     0.1287918E+01     0.1184395E+03     0.1203903E+00
   0.1150633E+05     0.1289990E+01     0.1180150E+03     0.1199338E+00
   0.1151810E+05     0.1292059E+01     0.1175940E+03     0.1194788E+00
   0.1152987E+05     0.1294125E+01     0.1171765E+03     0.1190253E+00
   0.1154163E+05     0.1296187E+01     0.1167626E+03     0.1185732E+00
   0.1155339E+05     0.1298247E+01     0.1163521E+03     0.1181225E+00
   0.1156516E+05     0.1300303E+01     0.1159451E+03     0.1176734E+00
   0.1157693E+05     0.1302357E+01     0.1155416E+03     0.1172256E+00
   0.1158869E+05     0.1304408E+01     0.1151417E+03     0.1167793E+00
   0.1160046E+05     0.1306455E+01     0.1147452E+03     0.1163344E+00
   0.1161222E+05     0.1308500E+01     0.1143522E+03     0.1158910E+00
   0.1162399E+05     0.1310541E+01     0.1139627E+03     0.1154490E+00
   0.1163575E+05     0.1312580E+01     0.1135767E+03     0.1150084E+00
   0.1164752E+05     0.1314616E+01     0.1131941E+03     0.1145693E+00
   0.1165928E+05     0.1316650E+01     0.1128151E+03     0.1141315E+00
   0.1167105E+05     0.1318681E+01     0.1124394E+03     0.1136952E+00
   0.1168281E+05     0.1320709E+01     0.1120672E+03     0.1132603E+00
   0.1169458E+05     0.1322734E+01     0.1116985E+03     0.1128268E+00
   0.1170634E+05     0.1324757E+01     0.1113331E+03     0.1123947E+00
   0.1171811E+05     0.1326778E+01     0.1109713E+03     0.1119640E+00
   0.1172987E+05     0.1328795E+01     0.1106128E+03     0.1115347E+00
   0.1174164E+05     0.1330811E+01     0.1102577E+03     0.1111067E+00
   0.1175340E+05     0.1332824E+01     0.1099061E+03     0.1106802E+00
   0.1176517E+05     0.1334834E+01     0.1095578E+03     0.1102550E+00
   0.1177693E+05     0.1336843E+01     0.1092129E+03     0.1098311E+00
   0.1178870E+05     0.1338849E+01     0.1088708E+03     0.1094083E+00
   0.1180046E+05     0.1340852E+01     0.1085306E+03     0.1089856E+00
   0.1181223E+05     0.1342854E+01     0.1081912E+03     0.1085622E+00
   0.1182399E+05     0.1344853E+01     0.1078514E+03     0.1081373E+00
   0.1183576E+05     0.1346850E+01     0.1075102E+03     0.1077101E+00
   0.1184752E+05     0.1348844E+01     0.1071668E+03     0.1072797E+00
   0.1185929E+05     0.1350836E+01     0.1068200E+03     0.1068456E+00
   0.1187105E+05     0.1352825E+01     0.1064689E+03     0.1064069E+00
   0.1188282E+05     0.1354812E+01     0.1061127E+03     0.1059628E+00
   0.1189459E+05     0.1356796E+01     0.1057504E+03     0.1055129E+00
   0.1190635E+05     0.1358777E+01     0.1053812E+03     0.1050563E+00
   0.1191812E+05     0.1360755E+01     0.1050043E+03     0.1045925E+00
   0.1192988E+05     0.1362730E+01     0.1046188E+03     0.1041209E+00
   0.1194165E+05     0.1364701E+01     0.1042240E+03     0.1036409E+00
   0.1195341E+05     0.1366669E+01     0.1038192E+03     0.1031520E+00
   0.1196518E+05     0.1368632E+01     0.1034037E+03     0.1026535E+00
   0.1197694E+05     0.1370592E+01     0.1029767E+03     0.1021451E+00
   0.1198871E+05     0.1372547E+01     0.1025377E+03     0.1016263E+00
   0.1200047E+05     0.1374498E+01     0.1020860E+03     0.1010965E+00
   0.1201224E+05     0.1376444E+01     0.1016212E+03     0.1005556E+00
   0.1202400E+05     0.1378384E+01     0.1011426E+03     0.1000029E+00
   0.1203577E+05     0.1380319E+01     0.1006497E+03     0.9943831E-01
   0.1204753E+05     0.1382248E+01     0.1001422E+03     0.9886137E-01
   0.1205930E+05     0.1384171E+01     0.9961955E+02     0.9827184E-01
   0.1207106E+05     0.1386088E+01     0.9908141E+02     0.9766947E-01
   0.1208283E+05     0.1387998E+01     0.9852742E+02     0.9705400E-01
   0.1209459E+05     0.1389634E+01     0.8261897E+02     0.7981971E-01
   0.1210636E+05     0.1391231E+01     0.8196589E+02     0.7910644E-01
   0.1211812E+05     0.1392819E+01     0.8133216E+02     0.7841728E-01
   0.1212989E+05     0.1394397E+01     0.8071785E+02     0.7775232E-01
   0.1214165E+05     0.1395967E+01     0.8012302E+02     0.7711166E-01
   0.1215342E+05     0.1397528E+01     0.7954768E+02     0.7649536E-01
   0.1216518E+05     0.1399081E+01     0.7899189E+02     0.7590351E-01
   0.1217695E+05     0.1400627E+01     0.7845561E+02     0.7533606E-01
   0.1218871E+05     0.1402165E+01     0.7793893E+02     0.7479317E-01
   0.1220048E+05     0.1403696E+01     0.7744183E+02     0.7427482E-01
   0.1221225E+05     0.1405220E+01     0.7696430E+02     0.7378106E-01
   0.1222401E+05     0.1406738E+01     0.7650636E+02     0.7331189E-01
   0.1223577E+05     0.1408250E+01     0.7606798E+02     0.7286733E-01
   0.1224754E+05     0.1409757E+01     0.7564918E+02     0.7244743E-01
   0.1225931E+05     0.1411258E+01     0.7524996E+02     0.7205220E-01
   0.1227107E+05     0.1412754E+01     0.7487032E+02     0.7168168E-01
   0.1228284E+05     0.1414246E+01     0.7451025E+02     0.7133587E-01
   0.1229460E+05     0.1415734E+01     0.7416980E+02     0.7101487E-01
   0.1230637E+05     0.1417218E+01     0.7384898E+02     0.7071870E-01
   0.1231813E+05     0.1418698E+01     0.7354779E+02     0.7044742E-01
   0.1232990E+05     0.1420175E+01     0.7326628E+02     0.7020109E-01
   0.1234166E+05     0.1421650E+01     0.7300449E+02     0.6997981E-01
   0.1235343E+05     0.1423122E+01     0.7276246E+02     0.6978366E-01
   0.1236519E+05     0.1424593E+01     0.7254025E+02     0.6961274E-01
   0.1237696E+05     0.1426062E+01     0.7233794E+02     0.6946718E-01
   0.1238872E+05     0.1427529E+01     0.7215563E+02     0.6934713E-01
   0.1240049E+05     0.1428997E+01     0.7199341E+02     0.6925274E-01
   0.1241225E+05     0.1430463E+01     0.7185138E+02     0.6918417E-01
   0.1242402E+05     0.1431930E+01     0.7172968E+02     0.6914163E-01
   0.1243578E+05     0.1433398E+01     0.7162845E+02     0.6912533E-01
   0.1244755E+05     0.1434866E+01     0.7154785E+02     0.6913552E-01
   0.1245931E+05     0.1436335E+01     0.7148807E+02     0.6917245E-01
   0.1247108E+05     0.1437806E+01     0.7144930E+02     0.6923642E-01
   0.1248284E+05     0.1439280E+01     0.7143177E+02     0.6932775E-01
   0.1249461E+05     0.1440756E+01     0.7143572E+02     0.6944677E-01
   0.1250637E+05     0.1442235E+01     0.7146142E+02     0.6959388E-01
   0.1251814E+05     0.1443718E+01     0.7150916E+02     0.6976946E-01
   0.1252990E+05     0.1445204E+01     0.7157925E+02     0.6997397E-01
   0.1254167E+05     0.1446696E+01     0.7167056E+02     0.7020625E-01
   0.1255343E+05     0.1448192E+01     0.7177351E+02     0.7045586E-01
   0.1256520E+05     0.1449692E+01     0.7187551E+02     0.7070903E-01
   0.1257697E+05     0.1451198E+01     0.7196397E+02     0.7095195E-01
   0.1258873E+05     0.1452708E+01     0.7202625E+02     0.7117069E-01
   0.1260050E+05     0.1454222E+01     0.7204978E+02     0.7135143E-01
   0.1261226E+05     0.1455739E+01     0.7202211E+02     0.7148044E-01
   0.1262403E+05     0.1457258E+01     0.7193103E+02     0.7154417E-01
   0.1263579E+05     0.1458776E+01     0.7176472E+02     0.7152949E-01
   0.1264756E+05     0.1460293E+01     0.7151189E+02     0.7142379E-01
   0.1265932E+05     0.1461807E+01     0.7116202E+02     0.7121527E-01
   0.1267109E+05     0.1463315E+01     0.7070553E+02     0.7089311E-01
   0.1268285E+05     0.1464816E+01     0.7013394E+02     0.7044767E-01
   0.1269462E+05     0.1466305E+01     0.3419271E+02     0.3982814E-01
   0.1270638E+05     0.1467027E+01     0.3334333E+02     0.3909972E-01
   0.1271815E+05     0.1467734E+01     0.3256563E+02     0.3842552E-01
   0.1272991E+05     0.1468425E+01     0.3185626E+02     0.3780293E-01
   0.1274168E+05     0.1469103E+01     0.3121213E+02     0.3722950E-01
   0.1275344E+05     0.1469769E+01     0.3063045E+02     0.3670305E-01
   0.1276521E+05     0.1470425E+01     0.3010876E+02     0.3622157E-01
   0.1277697E+05     0.1471071E+01     0.2964479E+02     0.3578327E-01
   0.1278874E+05     0.1471709E+01     0.2923676E+02     0.3538667E-01
   0.1280050E+05     0.1472340E+01     0.2888301E+02     0.3503039E-01
   0.1281227E+05     0.1472964E+01     0.2858222E+02     0.3471333E-01
   0.1282403E+05     0.1473584E+01     0.2833340E+02     0.3443458E-01
   0.1283580E+05     0.1474200E+01     0.2813581E+02     0.3419343E-01
   0.1284756E+05     0.1474813E+01     0.2798905E+02     0.3398943E-01
   0.1285933E+05     0.1475424E+01     0.2789299E+02     0.3382233E-01
   0.1287109E+05     0.1476036E+01     0.2784786E+02     0.3369210E-01
   0.1288286E+05     0.1476648E+01     0.2785421E+02     0.3359896E-01
   0.1289463E+05     0.1477261E+01     0.2791297E+02     0.3354342E-01
   0.1290639E+05     0.1477878E+01     0.2802543E+02     0.3352622E-01
   0.1291815E+05     0.1478498E+01     0.2819330E+02     0.3354841E-01
   0.1292992E+05     0.1479124E+01     0.2841879E+02     0.3361136E-01
   0.1294169E+05     0.1479757E+01     0.2870457E+02     0.3371681E-01
   0.1295345E+05     0.1480398E+01     0.2905392E+02     0.3386690E-01
   0.1296521E+05     0.1481048E+01     0.2947073E+02     0.3406419E-01
   0.1297698E+05     0.1481710E+01     0.2995970E+02     0.3431182E-01
   0.1298875E+05     0.1482385E+01     0.3052623E+02     0.3461344E-01
   0.1300051E+05     0.1483074E+01     0.3117684E+02     0.3497342E-01
   0.1301228E+05     0.1483780E+01     0.3191914E+02     0.3539696E-01
   0.1302404E+05     0.1484505E+01     0.3276210E+02     0.3589015E-01
   0.1303581E+05     0.1485252E+01     0.3371628E+02     0.3646024E-01
   0.1304757E+05     0.1486022E+01     0.3479416E+02     0.3711577E-01
   0.1305934E+05     0.1486820E+01     0.3601055E+02     0.3786694E-01
   0.1307110E+05     0.1487648E+01     0.3738301E+02     0.3872588E-01
   0.1308287E+05     0.1488510E+01     0.3893270E+02     0.3970719E-01
   0.1309463E+05     0.1489411E+01     0.4066542E+02     0.4081201E-01
   0.1310640E+05     0.1490354E+01     0.4239060E+02     0.4187564E-01
   0.1311816E+05     0.1491335E+01     0.4374425E+02     0.4258930E-01
   0.1312993E+05     0.1492340E+01     0.4429159E+02     0.4258887E-01
   0.1314169E+05     0.1493364E+01     0.5045443E+02     0.4716066E-01
   0.1315346E+05     0.1494498E+01     0.4778197E+02     0.4432696E-01
   0.1316522E+05     0.1495541E+01     0.4208181E+02     0.3897516E-01
   0.1317699E+05     0.1496430E+01     0.3431501E+02     0.3195361E-01
   0.1318875E+05     0.1497134E+01     0.2603414E+02     0.2459361E-01
   0.1320052E+05     0.1497654E+01     0.1859141E+02     0.1803712E-01
   0.1321228E+05     0.1498020E+01     0.1283319E+02     0.1298164E-01
   0.1322405E+05     0.1498280E+01     0.9823244E+01     0.1027690E-01
   0.1323581E+05     0.1498496E+01     0.8846717E+01     0.9284946E-02
   0.1324758E+05     0.1498693E+01     0.8040700E+01     0.8441702E-02
   0.1325934E+05     0.1498872E+01     0.7268226E+01     0.7633081E-02
   0.1327111E+05     0.1499034E+01     0.6528713E+01     0.6858564E-02
   0.1328288E+05     0.1499179E+01     0.5821548E+01     0.6117564E-02
   0.1329464E+05     0.1499308E+01     0.5146363E+01     0.5409745E-02
   0.1330641E+05     0.1499422E+01     0.4502817E+01     0.4734747E-02
   0.1331817E+05     0.1499521E+01     0.3890950E+01     0.4092616E-02
   0.1332994E+05     0.1499606E+01     0.3311489E+01     0.3484206E-02
   0.1334170E+05     0.1499678E+01     0.2766534E+01     0.2911753E-02
   0.1335347E+05     0.1499739E+01     0.2260719E+01     0.2380139E-02
   0.1336523E+05     0.1499787E+01     0.1803175E+01     0.1899048E-02
   0.1337700E+05     0.1499825E+01     0.1408335E+01     0.1483713E-02
   0.1338876E+05     0.1499855E+01     0.1090834E+01     0.1149621E-02
   0.1340053E+05     0.1499878E+01     0.8532445E+00     0.8995204E-03
   0.1341229E+05     0.1499897E+01     0.6821235E+00     0.7193240E-03
   0.1342406E+05     0.1499912E+01     0.5586113E+00     0.5892272E-03
   0.1343582E+05     0.1499924E+01     0.4671870E+00     0.4929107E-03
   0.1344759E+05     0.1499934E+01     0.3972636E+00     0.4192282E-03
   0.1345935E+05     0.1499943E+01     0.3422141E+00     0.3612099E-03
   0.1347112E+05     0.1499951E+01     0.2976035E+00     0.3141859E-03
   0.1348288E+05     0.1499958E+01     0.2609256E+00     0.2755189E-03
   0.1349465E+05     0.1499963E+01     0.1967988E+00     0.2078366E-03
   0.1350641E+05     0.1499968E+01     0.1881646E+00     0.1987558E-03
   0.1351818E+05     0.1499973E+01     0.2185264E+00     0.2308665E-03
   0.1352994E+05     0.1499979E+01     0.2716667E+00     0.2870418E-03
   0.1354171E+05     0.1499986E+01     0.2376088E+00     0.2510991E-03
   0.1355347E+05     0.1499990E+01     0.7806867E-01     0.8258523E-04
   0.1356524E+05     0.1499991E+01     0.3919853E-01     0.4152530E-04
   0.1357701E+05     0.1499992E+01     0.4049844E-01     0.4289458E-04
   0.1358877E+05     0.1499993E+01     0.4460814E-01     0.4723034E-04
   0.1360053E+05     0.1499995E+01     0.3807579E-01     0.4032440E-04
   0.1361230E+05     0.1499996E+01     0.3367914E-01     0.3567431E-04
   0.1362407E+05     0.1499997E+01     0.2967399E-01     0.3143742E-04
   0.1363583E+05     0.1499998E+01     0.2605104E-01     0.2760378E-04
   0.1364759E+05     0.1499999E+01     0.2276682E-01     0.2412764E-04
   0.1365936E+05     0.1499999E+01     0.1981258E-01     0.2100031E-04
   0.1367113E+05     0.1499999E+01     0.1715882E-01     0.1819063E-04
   0.1368289E+05     0.1499999E+01     0.1478272E-01     0.1567445E-04
   0.1369466E+05     0.1499999E+01     0.1266910E-01     0.1343564E-04
   0.1370642E+05     0.1499999E+01     0.1078834E-01     0.1144299E-04
   0.1371819E+05     0.1499999E+01     0.9127971E-02     0.9683544E-05
   0.1372995E+05     0.1499999E+01     0.7669305E-02     0.8137488E-05
   0.1374172E+05     0.1499999E+01     0.6394792E-02     0.6786323E-05
   0.1375348E+05     0.1499999E+01     0.5285294E-02     0.5609860E-05
   0.1376525E+05     0.1499999E+01     0.4327466E-02     0.4594016E-05
   0.1377701E+05     0.1499999E+01     0.3506427E-02     0.3722991E-05
   0.1378878E+05     0.1499999E+01     0.2808255E-02     0.2982190E-05
   0.1380054E+05     0.1499999E+01     0.2219723E-02     0.2357611E-05
   0.1381231E+05     0.1499999E+01     0.1728560E-02     0.1836222E-05
   0.1382407E+05     0.1499999E+01     0.1323330E-02     0.1405973E-05
   0.1383584E+05     0.1499999E+01     0.9933165E-03     0.1055519E-05
   0.1384760E+05     0.1499999E+01     0.7282179E-03     0.7739368E-06
   0.1385937E+05     0.1499999E+01     0.5194421E-03     0.5521385E-06
   0.1387113E+05     0.1499999E+01     0.3581707E-03     0.3807729E-06
   0.1388290E+05     0.1499999E+01     0.2368263E-03     0.2518100E-06
   0.1389466E+05     0.1499999E+01     0.1483219E-03     0.1577294E-06
   0.1390643E+05     0.1499999E+01     0.8632172E-04     0.9181071E-07
   0.1391819E+05     0.1499999E+01     0.4518485E-04     0.4806528E-07
   0.1392996E+05     0.1499999E+01     0.1992809E-04     0.2120163E-07
   0.1394172E+05     0.1499999E+01     0.6233712E-05     0.6633087E-08
   0.1395349E+05     0.1499999E+01     0.5019213E-06     0.5341622E-09
   --------- at surface of the star ----------------------------------
