0.00000  1.00000
0.00245  1.00604
0.00682  1.01043
0.01119  1.01372
0.01557  1.01812
0.01959  1.02186
0.02741  1.02848
0.03524  1.03546
0.04306  1.04270
0.05088  1.04958
0.05870  1.05653
0.06652  1.06329
0.07434  1.06998
0.08217  1.07663
0.08999  1.08300
0.09781  1.08936
0.10563  1.09576
0.11346  1.10206
0.12128  1.10817
0.12910  1.11427
0.13693  1.12035
0.14475  1.12629
0.15258  1.13211
0.16040  1.13786
0.16823  1.14351
0.17605  1.14903
0.18388  1.15442
0.19170  1.15972
0.19953  1.16492
0.20736  1.16999
0.21518  1.17493
0.22301  1.17993
0.23084  1.18471
0.23867  1.18939
0.24649  1.19391
0.25432  1.19839
0.26215  1.20272
0.26998  1.20701
0.27781  1.21101
0.28564  1.21491
0.29347  1.21882
0.30130  1.22269
0.30913  1.22620
0.31696  1.22978
0.32479  1.23313
0.33262  1.23619
0.34046  1.23912
0.34829  1.24195
0.35612  1.24472
0.36395  1.24723
0.37179  1.24964
0.37962  1.25186
0.38746  1.25389
0.39529  1.25565
0.40313  1.25722
0.41097  1.25879
0.41880  1.25994
0.42664  1.26079
0.43448  1.26146
0.44232  1.26202
0.45016  1.26223
0.45800  1.26225
0.46584  1.26220
0.47368  1.26159
0.48152  1.26096
0.48937  1.26000
0.49721  1.25885
0.50505  1.25728
0.51290  1.25541
0.52075  1.25313
0.52860  1.25032
0.53644  1.24726
0.54429  1.24348
0.55215  1.23928
0.56000  1.23428
0.56786  1.22823
0.57572  1.22112
0.58322  1.21357
0.58966  1.20613
0.59538  1.19861
0.60225  1.18983
0.60683  1.18249
0.61077  1.17615
0.61507  1.16701
0.61830  1.15939
0.62188  1.15106
0.62511  1.14315
0.62806  1.13535
0.63122  1.12703
0.63437  1.11826
0.63702  1.10931
0.63984  1.10063
0.64272  1.09088
0.64555  1.08127
0.64776  1.07232
0.64977  1.06320
0.65149  1.05445
0.65375  1.04472
0.65597  1.03485
0.65786  1.02670




