0.00000  1.00000
0.00227  1.00095
0.01025  1.00432
0.01837  1.00928
0.02623  1.01201
0.03397  1.01605
0.04188  1.01980
0.04978  1.02354
0.05736  1.02733
0.06559  1.03057
0.07342  1.03388
0.08140  1.03701
0.08930  1.04018
0.09721  1.04351
0.10479  1.04698
0.11347  1.05002
0.12030  1.05266
0.12836  1.05604
0.13740  1.05954
0.14490  1.06189
0.15253  1.06451
0.16043  1.06711
0.16833  1.06965
0.17623  1.07203
0.18413  1.07444
0.19203  1.07665
0.19993  1.07893
0.20783  1.08096
0.21573  1.08311
0.22363  1.08510
0.23153  1.08689
0.23942  1.08862
0.24732  1.09029
0.25522  1.09176
0.26312  1.09313
0.27101  1.09434
0.27891  1.09543
0.28680  1.09644
0.29470  1.09730
0.30259  1.09790
0.31049  1.09843
0.31838  1.09828
0.32627  1.09859
0.33416  1.09854
0.34205  1.09849
0.34994  1.09808
0.35783  1.09777
0.36572  1.09717
0.37361  1.09657
0.38150  1.09581
0.38939  1.09492
0.39728  1.09393
0.40517  1.09291
0.41290  1.09191
0.41683  1.09092
0.42094  1.09015
0.42883  1.08851
0.43671  1.08675
0.44460  1.08488
0.45248  1.08276
0.46036  1.08041
0.46825  1.07793
0.47613  1.07526
0.48401  1.07220
0.49189  1.06888
0.49977  1.06547
0.50725  1.06184
0.51552  1.05672
0.52339  1.05188
0.53127  1.04684
0.53914  1.04135
0.54701  1.03535
0.55488  1.02902
0.56274  1.02207
0.57061  1.01467
0.57811  1.00655
0.58454  0.99900
0.59025  0.99149
0.59561  0.98393
0.60096  0.97611
0.60631  0.96757
0.61094  0.95962
0.61474  0.95052
0.61877  0.94199
0.62233  0.93409
0.62588  0.92601
0.62944  0.91765
0.63272  0.90910
0.63611  0.90068
0.63903  0.89222
0.64187  0.88426
0.64471  0.87594
0.64724  0.86768
0.65030  0.85913
0.65215  0.85103
0.65704  0.83574
0.65464  0.84416
0.66116  0.82060
0.66345  0.81296
0.65960  0.82750
