0.00000  1.00000
0.00514  1.00248
0.01275  1.00604
0.02031  1.00913
0.02822  1.01241
0.03612  1.01542
0.04402  1.01822
0.05192  1.02111
0.05983  1.02440
0.06831  1.02743
0.07590  1.03001
0.08354  1.03347
0.09144  1.03614
0.09934  1.03888
0.10707  1.04135
0.11544  1.04366
0.12322  1.04673
0.13064  1.04814
0.13854  1.05131
0.14811  1.05338
0.15518  1.05506
0.16254  1.05701
0.17044  1.05900
0.17834  1.06090
0.18624  1.06279
0.19414  1.06449
0.20203  1.06615
0.20993  1.06765
0.21783  1.06913
0.22573  1.07037
0.23362  1.07155
0.24152  1.07241
0.24941  1.07329
0.25731  1.07409
0.26520  1.07475
0.27309  1.07522
0.28099  1.07559
0.28888  1.07592
0.29677  1.07633
0.30467  1.07634
0.31256  1.07636
0.32045  1.07605
0.32834  1.07577
0.33623  1.07559
0.34412  1.07505
0.35201  1.07419
0.35990  1.07324
0.36778  1.07212
0.37567  1.07090
0.38356  1.06953
0.39144  1.06799
0.39933  1.06635
0.40722  1.06449
0.41510  1.06253
0.42298  1.06044
0.43087  1.05822
0.43875  1.05580
0.44663  1.05313
0.45518  1.05027
0.46194  1.04763
0.47028  1.04430
0.47816  1.04105
0.48603  1.03750
0.49391  1.03360
0.50179  1.02950
0.50966  1.02495
0.51754  1.02024
0.52541  1.01517
0.53328  1.00971
0.54115  1.00384
0.54902  0.99767
0.55689  0.99082
0.56476  0.98400
0.57262  0.97612
0.58012  0.96830
0.58691  0.96006
0.59298  0.95223
0.59869  0.94436
0.60404  0.93643
0.60903  0.92840
0.61402  0.91997
0.61866  0.91162
0.62293  0.90315
0.62666  0.89386
0.63008  0.88583
0.63360  0.87792
0.63715  0.86945
0.64036  0.86227
0.64303  0.85511
0.64659  0.84532
0.64871  0.83785
0.65150  0.83011
0.65371  0.82237
0.65590  0.81510
0.65844  0.80463
0.66056  0.79692
0.66253  0.78835
0.66446  0.78240
