0.00000  1.00000
0.00664  1.00403
0.01438  1.00897
0.02156  1.01336
0.02654  1.01611
0.03206  1.01995
0.03814  1.02324
0.04693  1.02903
0.05484  1.03380
0.06275  1.03819
0.07066  1.04228
0.07856  1.04689
0.08647  1.05137
0.09438  1.05563
0.10229  1.05995
0.11020  1.06407
0.11810  1.06813
0.12601  1.07207
0.13391  1.07574
0.14182  1.07938
0.14972  1.08308
0.15763  1.08666
0.16553  1.09023
0.17344  1.09362
0.18134  1.09696
0.18925  1.10015
0.19715  1.10314
0.20505  1.10610
0.21295  1.10897
0.22086  1.11167
0.22876  1.11424
0.23666  1.11662
0.24456  1.11890
0.25246  1.12073
0.26035  1.12262
0.26825  1.12464
0.27615  1.12634
0.28405  1.12807
0.29195  1.12973
0.29985  1.13117
0.30774  1.13258
0.31564  1.13392
0.32354  1.13513
0.33143  1.13622
0.33933  1.13720
0.34722  1.13809
0.35512  1.13882
0.36301  1.13948
0.37090  1.13988
0.37880  1.14054
0.38669  1.14059
0.39458  1.14060
0.40311  1.14050
0.41030  1.14012
0.41825  1.13922
0.42614  1.13852
0.43403  1.13747
0.44192  1.13625
0.44980  1.13484
0.45769  1.13314
0.46557  1.13134
0.47376  1.12927
0.48071  1.12814
0.48922  1.12407
0.49710  1.12098
0.50498  1.11772
0.51286  1.11408
0.52074  1.11008
0.52861  1.10576
0.53649  1.10082
0.54436  1.09520
0.55112  1.09023
0.55770  1.08574
0.56368  1.08067
0.57154  1.07327
0.57905  1.06559
0.58583  1.05810
0.59226  1.05024
0.59869  1.04194
0.60440  1.03472
0.60940  1.02699
0.61439  1.01891
0.61902  1.01056
0.62293  1.00214
0.62623  0.99464
0.63031  0.98610
0.63397  0.97759
0.63724  0.96929
0.64064  0.96106
0.64356  0.95232
0.64640  0.94374
0.64893  0.93514
0.65166  0.92645
0.65383  0.91762
0.65595  0.90908
0.65771  0.89974
0.65969  0.89036
0.66186  0.88051
0.66318  0.87509
