0.03124  1.03143
0.03910  1.03797
0.04697  1.04522
0.05484  1.05263
0.06271  1.05982
0.07058  1.06685
0.07845  1.07378
0.08631  1.08064
0.09418  1.08705
0.10204  1.09346
0.10991  1.10000
0.11777  1.10618
0.12564  1.11243
0.13350  1.11874
0.14136  1.12499
0.14923  1.13120
0.15709  1.13732
0.16495  1.14344
0.17282  1.14946
0.18068  1.15541
0.18854  1.16127
0.19640  1.16722
0.20427  1.17302
0.21213  1.17881
0.21999  1.18441
0.22785  1.18991
0.23571  1.19541
0.24357  1.20078
0.25143  1.20638
0.25929  1.21172
0.26715  1.21699
0.27501  1.22220
0.28286  1.22728
0.29072  1.23210
0.29858  1.23682
0.30643  1.24151
0.31429  1.24629
0.32215  1.25092
0.33000  1.25528
0.33785  1.25965
0.34571  1.26395
0.35356  1.26818
0.36142  1.27226
0.36927  1.27639
0.37712  1.28037
0.38497  1.28412
0.39283  1.28803
0.40068  1.29184
0.40853  1.29552
0.41638  1.29937
0.42423  1.30296
0.43208  1.30644
0.43993  1.30984
0.44778  1.31352
0.45563  1.31681
0.46348  1.32027
0.47133  1.32359
0.47918  1.32702
0.48703  1.33047
0.49488  1.33403
0.50273  1.33752
0.51058  1.34107
0.51844  1.34472
0.52629  1.34815
0.53414  1.35176
0.54199  1.35574
0.54984  1.35991
0.55770  1.36444
0.56556  1.36935
0.57342  1.37485
0.58128  1.38061
0.58914  1.38709
0.59688  1.39372
0.60258  1.39979
0.61633  1.41335
0.62242  1.42145
0.62780  1.42951
0.63362  1.43818
0.63750  1.44565
0.64082  1.45370
0.64426  1.46187
0.64693  1.47019
0.64951  1.47866
0.65239  1.48790
0.65497  1.49795
0.65708  1.50825
0.65850  1.51711
0.65961  1.52452
0.66106  1.53152
0.02531  1.02480
0.01910  1.01860
0.01291  1.01364
0.00794  1.00744
0.00050  1.00124
0.61233  1.40845
