0.00000  1.00000
0.00339  1.00094
0.00995  1.00131
0.01781  1.00287
0.02597  1.00408
0.03353  1.00520
0.04139  1.00681
0.04924  1.00767
0.05710  1.00863
0.06495  1.00976
0.07281  1.01080
0.08066  1.01138
0.08852  1.01255
0.09637  1.01342
0.10422  1.01413
0.11207  1.01493
0.11992  1.01570
0.12777  1.01634
0.13562  1.01695
0.14347  1.01753
0.15132  1.01794
0.15916  1.01820
0.16701  1.01871
0.17485  1.01896
0.18270  1.01931
0.19054  1.01937
0.19838  1.01934
0.20622  1.01939
0.21406  1.01939
0.22190  1.01922
0.22974  1.01919
0.23758  1.01908
0.24541  1.01872
0.25325  1.01830
0.26108  1.01768
0.26891  1.01722
0.27675  1.01673
0.28458  1.01582
0.29241  1.01513
0.30024  1.01445
0.30806  1.01354
0.31589  1.01266
0.32372  1.01159
0.33154  1.01061
0.33937  1.00941
0.34719  1.00827
0.35501  1.00697
0.36283  1.00571
0.37065  1.00425
0.37847  1.00285
0.38629  1.00132
0.39411  0.99973
0.40193  0.99805
0.40974  0.99636
0.41756  0.99458
0.42537  0.99250
0.43318  0.99046
0.44099  0.98829
0.44880  0.98592
0.45690  0.98391
0.46440  0.98057
0.47220  0.97804
0.48000  0.97519
0.48780  0.97228
0.49656  0.96987
0.51118  0.96240
0.51897  0.95877
0.52676  0.95498
0.53454  0.95096
0.54232  0.94669
0.55010  0.94238
0.55787  0.93769
0.56564  0.93273
0.57340  0.92726
0.58116  0.92156
0.58891  0.91567
0.59666  0.90881
0.60368  0.90171
0.61018  0.89542
0.61450  0.88952
0.61841  0.88484
0.62435  0.87697
0.62994  0.86921
0.63518  0.86124
0.64005  0.85339
0.64457  0.84552
0.64874  0.83779
0.65290  0.82994
0.65671  0.82208
0.66051  0.81395
0.66292  0.80776
