0.00000  1.00000
0.00852  1.00074
0.01636  1.00132
0.02421  1.00186
0.03223  1.00232
0.03990  1.00259
0.04775  1.00285
0.05560  1.00372
0.06345  1.00403
0.07130  1.00462
0.07913  1.00442
0.08698  1.00459
0.09415  1.00479
0.10265  1.00443
0.11049  1.00424
0.11833  1.00397
0.12617  1.00367
0.13401  1.00363
0.14185  1.00393
0.14969  1.00377
0.15752  1.00340
0.16537  1.00395
0.17319  1.00243
0.18103  1.00255
0.18888  1.00314
0.19672  1.00307
0.20456  1.00287
0.21239  1.00254
0.22023  1.00186
0.22806  1.00124
0.23589  1.00069
0.24372  1.00000
0.25155  0.99919
0.25938  0.99841
0.26721  0.99750
0.27503  0.99649
0.28286  0.99548
0.29068  0.99437
0.29851  0.99324
0.30633  0.99200
0.31415  0.99074
0.32197  0.98941
0.32979  0.98791
0.33761  0.98642
0.34543  0.98486
0.35324  0.98314
0.36106  0.98133
0.36887  0.97944
0.37668  0.97747
0.38449  0.97539
0.39231  0.97328
0.40011  0.97105
0.40792  0.96874
0.41573  0.96638
0.42353  0.96401
0.43134  0.96152
0.43914  0.95892
0.44694  0.95623
0.45474  0.95341
0.46254  0.95056
0.47034  0.94752
0.47844  0.94487
0.48664  0.94117
0.49443  0.93750
0.50222  0.93387
0.51000  0.92989
0.51780  0.92665
0.52558  0.92244
0.53335  0.91807
0.54114  0.91415
0.55062  0.90690
0.55637  0.90388
0.56231  0.89972
0.57008  0.89444
0.57783  0.88858
0.58559  0.88253
0.59333  0.87593
0.60071  0.86882
0.60774  0.86146
0.61440  0.85367
0.61960  0.84699
0.62482  0.83986
0.63084  0.83224
0.63679  0.82474
0.64134  0.81894
0.64288  0.81415
0.64663  0.80839
0.65036  0.80168
0.65410  0.79496
0.65688  0.78825
0.65869  0.78058
0.66244  0.77482
