0.00000  1.00000
0.00994  1.00083
0.01779  1.00144
0.02593  1.00169
0.03346  1.00089
0.04131  1.00099
0.04914  1.00072
0.05650  1.00124
0.06484  1.00147
0.07268  1.00163
0.08052  1.00175
0.08851  0.99974
0.09617  0.99957
0.10402  1.00006
0.11185  0.99939
0.11968  0.99859
0.12752  0.99845
0.13535  0.99832
0.14319  0.99825
0.15102  0.99759
0.15885  0.99642
0.16669  0.99617
0.17452  0.99600
0.18236  0.99579
0.19020  0.99596
0.19802  0.99394
0.20584  0.99316
0.21367  0.99245
0.22150  0.99173
0.22933  0.99082
0.23716  0.99000
0.24499  0.98900
0.25329  0.98900
0.26132  0.98839
0.27110  0.98622
0.27913  0.98392
0.28695  0.98272
0.29477  0.98132
0.30259  0.97992
0.31011  0.97750
0.31855  0.97619
0.32608  0.97443
0.33361  0.97277
0.34162  0.97054
0.34934  0.96890
0.35717  0.96665
0.36523  0.96504
0.37303  0.96273
0.38083  0.96046
0.38865  0.95836
0.39634  0.95632
0.40435  0.95389
0.41191  0.95157
0.41986  0.94874
0.42701  0.94680
0.43546  0.94362
0.44299  0.94100
0.45042  0.93809
0.46896  0.93216
0.47664  0.92796
0.48373  0.92567
0.48977  0.92198
0.49702  0.91948
0.50578  0.91473
0.51275  0.91193
0.51872  0.90779
0.52549  0.90540
0.53154  0.90247
0.53818  0.89950
0.54149  0.89653
0.54800  0.89286
0.55286  0.88965
0.55949  0.88656
0.56185  0.88278
0.56855  0.88016
0.57185  0.87626
0.57843  0.87319
0.58892  0.86666
0.59637  0.85996
0.60482  0.85249
0.60885  0.84781
0.61548  0.84203
0.62116  0.83722
0.62831  0.82974
0.63323  0.82523
0.63811  0.81748
0.64093  0.81225
0.64466  0.80457
0.64699  0.80026
0.64928  0.79307
0.65244  0.78858
0.65489  0.78347
0.65745  0.77770
0.66149  0.76827
